6 29
31 38
47 61
66 79
85 94
104 111
119 141
144 164
166 188
193 200
203 220
223 244
246 254
256 256
263 270
276 299
302 323
324 324
328 329
336 359
365 377
385 390
400 411
412 424
434 453
461 479
486 490
497 511
512 536
538 561
568 570
572 587
593 594
597 612
620 628
637 649
655 677
687 692
702 724
732 752
761 775
781 788
795 801
808 821
822 837
844 857
865 872
873 892
893 915
921 933
935 958
960 961
965 986
990 997
1001 1004
1007 1018
1026 1043
1052 1067
1068 1085
1089 1096
1104 1120
1121 1122
1131 1133
1136 1144
1149 1156
1164 1169
1173 1197
1202 1208
1211 1230
1239 1254
1257 1274
1283 1300
1302 1326
1334 1345
1354 1367
1373 1375
1380 1397
1401 1406
1416 1416
1422 1440
1446 1459
1461 1479
1484 1496
1503 1514
1521 1535
1539 1543
1552 1558
1562 1583
1586 1593
1596 1596
1602 1606
1614 1616
1623 1630
1638 1653
1654 1678
1679 1699
1707 1718
1724 1725
1734 1750
1760 1767
1775 1792
1799 1814
1821 1832
1839 1847
1851 1871
1873 1889
1891 1906
1910 1932
1936 1938
1941 1951
1958 1980
1981 1997
2004 2026
2036 2047
2056 2065
2069 2089
2091 2097
2100 2104
2107 2107
2108 2121
2124 2125
2135 2158
2160 2182
2183 2199
2204 2213
2215 2217
2226 2234
2243 2264
2265 2278
2282 2300
2310 2311
2317 2317
2318 2322
2325 2329
2331 2353
2356 2359
2363 2384
2393 2409
2413 2413
2417 2436
2443 2454
2457 2477
2478 2493
2495 2495
2496 2497
2499 2503
2509 2522
2525 2540
2541 2555
2565 2566
2575 2587
2595 2608
2612 2622
2632 2636
2645 2659
2668 2692
2694 2716
2726 2749
2755 2768
2774 2794
2796 2817
2825 2846
2854 2863
2867 2874
2880 2888
2889 2902
2910 2927
2934 2941
2947 2954
2958 2976
2979 2993
3003 3003
3010 3026
3035 3038
3043 3066
3068 3090
3093 3096
3101 3112
3120 3127
3128 3142
3145 3150
3158 3172
3173 3178
3183 3190
3193 3205
3208 3219
3223 3244
3246 3261
3264 3275
3281 3299
3305 3326
3333 3342
3347 3359
3362 3375
3385 3402
3410 3422
3427 3433
3437 3438
3440 3444
3448 3449
3459 3469
3472 3494
3504 3505
3510 3533
3541 3551
3554 3578
3585 3595
3601 3607
3610 3617
3624 3640
3650 3674
3680 3681
3684 3695
3698 3719
3722 3733
3736 3747
3751 3762
3769 3778
3781 3781
3790 3792
3793 3795
3804 3823
3826 3840
3843 3852
3856 3879
3887 3910
3915 3925
3927 3934
3941 3944
3948 3963
3965 3967
3970 3987
3991 4006
4008 4011
4012 4021
4024 4027
4031 4041
4044 4044
4051 4052
4054 4054
4059 4073
4079 4103
4108 4109
4118 4140
4150 4161
4166 4187
4188 4206
4215 4218
4227 4243
4247 4271
4275 4290
4295 4311
4320 4323
4326 4330
4335 4340
4345 4350
4355 4359
4369 4389
4395 4409
4414 4424
4427 4436
4445 4462
4470 4493
4502 4513
4523 4529
4537 4556
4566 4582
4584 4586
4596 4601
4603 4603
4604 4617
4623 4630
4638 4650
4660 4660
4667 4691
4694 4698
4704 4724
4728 4742
4743 4764
4767 4778
4784 4798
4805 4811
4814 4833
4839 4842
4847 4865
4874 4885
4892 4901
4907 4908
4910 4910
4912 4934
4936 4949
4958 4969
4975 4977
4980 4987
4993 4998
5007 5014
5021 5022
5031 5037
5043 5066
5071 5090
5093 5106
5115 5115
5125 5128
5135 5155
5164 5168
5178 5182
5187 5210
5218 5222
5225 5247
5256 5258
5268 5277
5280 5282
5288 5288
5297 5303
5310 5328
5331 5351
5360 5370
5371 5378
5385 5409
5419 5438
5447 5470
5477 5500
5507 5527
5532 5532
5540 5558
5559 5582
5585 5602
5609 5621
5624 5633
5634 5654
5664 5687
5688 5702
5708 5721
5730 5731
5734 5736
5745 5760
5767 5768
5772 5796
5800 5820
5826 5844
5848 5855
5857 5874
5884 5901
5908 5926
5931 5933
5938 5946
5949 5955
5961 5973
5983 6006
6008 6014
6016 6032
6037 6039
6049 6063
6067 6084
6094 6099
6105 6129
6137 6141
6143 6156
6163 6163
6166 6168
6178 6201
6210 6216
6221 6234
6235 6236
6243 6256
6266 6278
6283 6291
6298 6321
6325 6347
6354 6361
6364 6367
6377 6394
6399 6399
6400 6408
6411 6425
6431 6437
6440 6463
6466 6485
6492 6502
6508 6531
6540 6544
6545 6548
6549 6553
6562 6577
6579 6600
6608 6613
6616 6622
6630 6641
6651 6654
6664 6677
6680 6685
6691 6698
6707 6716
6723 6740
6745 6768
6769 6787
6797 6799
6808 6827
6829 6832
6837 6846
6852 6861
6862 6864
6867 6879
6883 6886
6894 6902
6910 6922
6931 6945
6955 6973
6977 6999
7005 7025
7026 7026
7032 7033
7034 7049
7053 7066
7070 7079
7088 7106
7112 7125
7131 7144
7152 7163
7167 7187
7192 7204
7214 7223
7230 7235
7240 7242
7250 7265
7268 7292
7300 7314
7317 7341
7346 7346
7350 7372
7378 7389
7396 7401
7403 7416
7417 7420
7427 7443
7447 7467
7476 7485
7492 7497
7502 7513
7523 7539
7543 7551
7554 7574
7577 7597
7600 7601
7602 7612
7618 7625
7632 7650
7651 7673
7681 7691
7697 7705
7712 7713
7720 7727
7735 7749
7754 7756
7762 7785
7791 7796
7803 7816
7818 7823
7829 7829
7838 7845
7846 7854
7860 7866
7874 7881
7887 7896
7906 7913
7923 7946
7952 7954
7960 7983
7986 8005
8011 8030
8035 8055
8056 8058
8059 8062
8065 8085
8094 8109
8115 8128
8132 8154
8161 8161
8171 8172
8179 8202
8208 8216
8223 8244
8250 8253
8258 8262
8265 8286
8296 8314
8318 8342
8343 8347
8352 8354
8356 8363
8368 8374
8375 8393
8402 8420
8421 8428
8430 8439
8448 8454
8462 8468
8478 8482
8483 8506
8513 8522
8529 8539
8543 8558
8565 8588
8593 8610
8619 8641
8646 8668
8673 8694
8697 8704
8709 8724
8727 8737
8742 8742
8746 8764
8771 8794
8804 8822
8831 8841
8845 8865
8868 8874
8880 8890
8900 8906
8909 8918
8927 8928
8931 8940
8945 8969
8977 8990
9000 9011
9017 9032
9036 9055
9064 9083
9088 9096
9097 9114
9120 9138
9146 9164
9174 9198
9207 9212
9218 9226
9227 9238
9248 9270
9271 9280
9289 9303
9308 9323
9324 9326
9334 9349
9351 9367
9375 9390
9397 9399
9409 9432
9433 9455
9457 9476
9478 9500
9502 9506
9512 9528
9536 9552
9558 9570
9573 9589
9599 9603
9610 9616
9618 9633
9641 9645
9649 9658
9668 9677
9679 9682
9686 9692
9700 9701
9704 9705
9706 9709
9712 9719
9725 9749
9754 9766
9773 9776
9785 9802
9810 9821
9831 9844
9847 9868
9871 9881
9882 9895
9903 9919
9924 9931
9936 9957
9966 9969
9974 9985
9987 9993
10002 10005
10011 10030
10032 10051
10055 10074
10076 10081
10088 10098
10108 10116
10123 10136
10140 10153
10161 10178
10180 10203
10208 10213
10218 10228
10232 10253
10260 10277
10285 10299
10305 10313
10323 10334
10342 10351
10360 10373
10378 10392
10394 10404
10407 10414
10416 10433
10440 10443
10444 10448
10450 10461
10469 10491
10493 10513
10522 10539
10549 10572
10577 10587
10589 10609
10613 10623
10633 10639
10648 10666
10672 10696
10698 10717
10727 10734
10744 10751
10754 10755
10762 10777
10785 10808
10813 10822
10829 10839
10848 10858
10862 10876
10879 10893
10903 10926
10933 10946
10956 10980
10985 10987
10994 11011
11020 11032
11042 11054
11059 11072
11081 11088
11097 11100
11109 11128
11136 11142
11152 11169
11173 11185
11188 11204
11213 11229
11234 11238
11241 11261
11263 11281
11284 11293
11301 11322
11329 11342
11343 11360
11362 11363
11370 11376
11386 11395
11401 11419
11420 11425
11431 11442
11452 11471
11474 11497
11501 11519
11522 11544
11550 11560
11566 11579
11584 11586
11588 11605
11606 11627
11632 11650
11653 11664
11669 11670
11678 11679
11681 11696
11705 11712
11719 11722
11731 11736
11745 11761
11762 11769
11778 11793
11802 11807
11813 11825
11835 11851
11859 11883
11884 11900
11905 11917
11922 11942
11949 11953
11956 11968
11975 11980
11987 12009
12010 12010
12015 12028
12037 12041
12045 12052
12054 12070
12073 12075
12081 12103
12107 12119
12123 12131
12138 12158
12167 12179
12180 12194
12201 12215
12219 12231
12239 12241
12248 12255
12265 12282
12291 12313
12320 12341
12346 12366
12371 12390
12398 12419
12423 12438
12445 12463
12470 12487
12496 12520
12525 12529
12530 12553
12557 12577
12585 12600
12608 12632
12633 12634
12641 12664
12669 12684
12686 12691
12699 12711
12713 12722
12731 12750
12757 12778
12782 12784
12793 12794
12803 12823
12826 12846
12855 12856
12863 12868
12877 12890
12892 12910
12913 12913
12922 12940
12948 12964
12973 12977
12986 12988
12997 13011
13018 13032
13038 13049
13059 13060
13064 13086
13088 13108
13117 13133
13137 13148
13157 13174
13184 13189
13192 13210
13213 13221
13223 13247
13252 13264
13270 13275
13280 13300
13307 13319
13321 13327
13332 13337
13345 13359
13360 13365
13370 13370
13374 13384
13391 13413
13418 13430
13435 13453
13455 13466
13468 13487
13495 13496
13503 13522
13526 13548
13558 13562
13568 13568
13569 13578
13580 13600
13609 13622
13625 13634
13638 13639
13646 13670
13679 13679
13686 13690
13700 13717
13720 13740
13743 13747
13756 13776
13780 13786
13790 13804
13805 13808
13813 13836
13844 13866
13872 13884
13885 13907
13909 13932
13938 13956
13959 13959
13960 13971
13981 13997
13998 14019
14024 14043
14046 14058
14064 14066
14073 14081
14083 14091
14100 14106
14110 14112
14116 14119
14124 14138
14147 14159
14169 14172
14178 14192
14194 14197
14203 14213
14223 14228
14233 14241
14242 14253
14262 14279
14286 14305
14311 14318
14323 14338
14342 14355
14358 14377
14384 14390
14396 14417
14421 14445
14446 14447
14456 14462
14464 14479
14483 14483
14485 14489
14494 14517
14526 14535
14536 14545
14554 14571
14573 14582
14585 14592
14595 14619
14626 14642
14645 14656
14664 14666
14674 14686
14695 14698
14699 14708
14712 14728
14731 14747
14755 14778
14780 14795
14798 14806
14808 14820
14821 14841
14848 14857
14860 14879
14888 14893
14894 14911
14915 14939
14940 14945
14955 14955
14964 14973
14976 14980
14988 15012
15015 15017
15020 15034
15037 15043
15051 15072
15081 15081
15083 15097
15102 15120
15126 15146
15150 15172
15180 15196
15204 15213
15222 15233
15234 15243
15251 15273
15277 15279
15286 15298
15303 15323
15327 15350
15357 15358
15363 15382
15386 15398
15399 15413
15416 15439
15444 15449
15457 15481
15485 15506
15510 15534
15539 15557
15561 15570
15578 15601
15603 15616
15622 15639
15645 15661
15669 15680
15685 15699
15707 15729
15731 15751
15758 15767
15776 15799
15801 15818
15826 15843
15848 15853
15855 15878
15885 15886
15889 15907
15914 15934
15944 15957
15960 15981
15986 15993
15994 16017
16024 16041
16047 16071
16081 16090
16094 16103
16111 16113
16121 16125
16130 16146
16153 16165
16175 16189
16195 16219
16228 16244
16254 16273
16278 16287
16293 16302
16309 16309
16317 16331
16337 16342
16346 16355
16365 16387
16392 16413
16420 16443
16446 16468
16473 16488
16498 16503
16509 16533
16543 16558
16564 16565
16572 16591
16597 16600
16609 16612
16614 16627
16635 16636
16640 16645
16648 16657
16667 16675
16678 16683
16685 16694
16702 16724
16731 16744
16748 16756
16761 16770
16779 16783
16791 16800
16802 16824
16825 16831
16839 16860
16862 16881
16891 16905
16911 16922
16931 16937
16940 16945
16950 16955
16962 16980
16984 17004
17007 17015
17024 17045
17050 17052
17061 17068
17072 17078
17085 17090
17093 17102
17109 17120
17129 17129
17130 17135
17145 17146
17151 17164
17168 17171
17180 17180
17182 17205
17213 17218
17222 17222
17225 17228
17233 17240
17243 17263
17267 17287
17293 17295
17300 17302
17306 17316
17326 17342
17345 17365
17373 17379
17383 17383
17390 17394
17397 17405
17413 17437
17441 17452
17460 17477
17479 17485
17487 17492
17494 17508
17514 17518
17523 17530
17532 17541
17549 17561
17567 17578
17582 17601
17610 17626
17634 17638
17639 17640
17645 17645
17649 17654
17658 17663
17671 17677
17681 17682
17684 17699
17707 17720
17725 17736
17737 17739
17743 17757
17759 17759
17761 17785
17791 17812
17816 17835
17843 17858
17866 17883
17889 17889
17894 17897
17900 17923
17928 17949
17954 17976
17980 17997
18006 18015
18021 18029
18036 18039
18040 18044
18054 18057
18062 18063
18068 18090
18093 18096
18099 18118
18126 18131
18132 18153
18162 18164
18170 18190
18191 18212
18217 18230
18234 18241
18244 18263
18267 18277
18287 18305
18306 18309
18316 18337
18344 18366
18370 18373
18379 18386
18387 18410
18418 18438
18445 18468
18473 18491
18497 18497
18503 18517
18518 18521
18524 18537
18547 18562
18568 18592
18593 18610
18620 18628
18632 18643
18644 18652
18659 18666
18675 18691
18694 18701
18710 18714
18720 18733
18736 18738
18739 18751
18754 18759
18768 18784
18790 18807
18809 18832
18841 18859
18860 18883
18885 18891
18896 18904
18909 18909
18910 18917
18927 18950
18951 18958
18963 18985
18988 18989
18990 19004
19011 19030
19036 19045
19046 19063
19067 19085
19093 19115
19122 19130
19131 19145
19150 19156
19159 19164
19173 19187
19193 19195
19203 19208
19216 19234
19239 19248
19249 19255
19260 19273
19274 19295
19300 19312
19318 19320
19326 19334
19344 19362
19366 19387
19390 19399
19407 19413
19415 19428
19430 19436
19444 19454
19458 19462
19467 19485
19490 19491
19496 19511
19516 19518
19520 19533
19543 19544
19552 19574
19576 19595
19596 19602
19603 19603
19609 19629
19631 19638
19639 19641
19647 19649
19653 19657
19660 19679
19687 19710
19716 19739
19748 19759
19760 19784
19794 19811
19819 19837
19847 19863
19871 19877
19885 19890
19897 19912
19915 19928
19933 19945
19948 19962
19972 19979
19988 20011
20018 20035
20037 20058
20060 20069
20072 20090
20091 20099
20107 20122
20125 20126
20130 20146
20155 20162
20166 20180
20190 20190
20195 20218
20228 20250
20256 20262
20267 20277
20282 20290
20294 20297
20302 20323
20333 20347
20349 20349
20354 20358
20361 20364
20370 20372
20373 20388
20398 20416
20419 20428
20430 20441
20446 20456
20462 20486
20488 20505
20511 20534
20540 20555
20562 20568
20575 20590
20593 20595
20603 20625
20634 20645
20653 20667
20676 20700
20702 20725
20731 20744
20752 20768
20771 20789
20798 20812
20816 20836
20840 20845
20846 20856
20857 20878
20881 20889
20893 20909
20917 20923
20929 20950
20953 20971
20974 20982
20987 21005
21007 21021
21031 21046
21054 21065
21069 21080
21083 21086
21095 21106
21115 21118
21125 21130
21137 21152
21161 21175
21185 21186
21187 21211
21216 21231
21241 21252
21261 21275
21277 21283
21289 21306
21310 21323
21329 21335
21345 21353
21359 21368
21373 21393
21403 21420
21427 21442
21448 21462
21467 21486
21489 21491
21500 21518
21521 21536
21543 21560
21565 21580
21584 21593
21596 21619
21624 21637
21642 21642
21649 21665
21670 21687
21697 21697
21704 21719
21720 21741
21743 21763
21771 21772
21777 21790
21795 21813
21822 21825
21826 21835
21839 21849
21855 21855
21859 21879
21883 21897
21903 21914
21918 21925
21929 21953
21961 21976
21986 21986
21990 22012
22020 22026
22035 22056
22066 22086
22096 22118
22119 22120
22124 22142
22151 22154
22163 22186
22195 22204
22209 22230
22236 22260
22261 22285
22289 22303
22305 22319
22329 22333
22341 22352
22360 22372
22380 22386
22391 22414
22420 22429
22431 22444
22452 22466
22476 22499
22504 22521
22524 22528
22534 22538
22547 22569
22578 22582
22590 22611
22620 22621
22630 22635
22639 22654
22660 22682
22687 22691
22695 22701
22708 22732
22735 22753
22760 22776
22780 22787
22788 22790
22792 22793
22801 22818
22822 22834
22841 22853
22855 22871
22881 22895
22898 22902
22909 22928
22937 22944
22953 22954
22959 22973
22982 22993
22994 23013
23023 23028
23035 23049
23053 23068
23076 23093
23098 23116
23126 23133
23139 23154
23163 23182
23184 23206
23207 23222
23224 23228
23231 23248
23249 23262
23269 23277
23284 23302
23307 23312
23319 23327
23333 23342
23348 23362
23366 23375
23383 23390
23394 23407
23413 23429
23439 23447
23454 23464
23473 23480
23490 23513
23523 23544
23546 23554
23557 23570
23579 23590
23594 23598
23600 23615
23621 23642
23648 23666
23674 23688
23692 23692
23702 23707
23712 23726
23735 23745
23747 23761
23769 23784
23787 23806
23810 23833
23843 23863
23867 23876
23879 23886
23891 23894
23904 23910
23913 23919
23920 23929
23931 23936
23937 23939
23945 23949
23951 23951
23958 23977
23984 23992
23999 24002
24007 24007
24012 24022
24028 24045
24051 24055
24062 24071
24077 24078
24081 24093
24098 24115
24124 24129
24139 24147
24156 24167
24172 24173
24178 24183
24190 24195
24202 24209
24211 24231
24234 24251
24260 24265
24270 24273
24283 24296
24301 24320
24322 24328
24332 24332
24334 24341
24345 24345
24346 24364
24372 24379
24384 24387
24397 24414
24418 24423
24431 24452
24461 24472
24476 24487
24489 24512
24522 24525
24529 24532
24540 24544
24546 24554
24564 24576
24582 24594
24598 24605
24611 24613
24618 24620
24626 24630
24637 24652
24654 24677
24685 24701
24709 24709
24719 24724
24725 24743
24747 24760
24764 24772
24780 24790
24797 24821
24831 24837
24839 24851
24860 24879
24886 24891
24893 24914
24916 24933
24938 24960
24964 24965
24970 24975
24977 24995
24996 25000
25005 25026
25034 25048
25058 25070
25077 25099
25106 25107
25116 25138
25139 25157
25166 25173
25177 25191
25192 25201
25211 25230
25240 25244
25252 25252
25259 25283
25284 25305
25311 25322
25327 25349
25356 25379
25389 25393
25396 25418
25421 25421
25429 25452
25454 25469
25472 25491
25499 25513
25515 25531
25533 25548
25551 25559
25565 25573
25583 25593
25600 25614
25619 25620
25630 25630
25637 25637
25644 25668
25677 25691
25693 25715
25720 25742
25745 25768
25778 25797
25800 25800
25808 25808
25809 25818
25825 25832
25840 25862
25867 25891
25894 25912
25920 25923
25924 25927
25931 25933
25936 25939
25948 25954
25955 25964
25973 25986
25989 26011
26016 26037
26045 26067
26070 26084
26088 26096
26105 26108
26114 26132
26142 26161
26165 26171
26174 26183
26193 26196
26200 26214
26216 26224
26225 26234
26242 26265
26273 26297
26306 26314
26320 26342
26350 26369
26377 26393
26403 26413
26420 26432
26433 26433
26440 26459
26461 26467
26468 26483
26485 26503
26510 26529
26536 26537
26546 26564
26572 26574
26579 26579
26581 26595
26600 26618
26628 26639
26641 26656
26666 26673
26681 26685
26688 26699
26705 26720
26730 26735
26742 26747
26748 26762
26767 26768
26770 26773
26775 26795
26796 26811
26819 26835
26843 26864
26867 26885
26889 26889
26898 26907
26911 26922
26928 26945
26948 26964
26968 26984
26993 27009
27013 27037
27043 27065
27073 27096
27099 27123
27132 27140
27147 27162
27169 27192
27200 27215
27219 27241
27248 27250
27259 27260
27261 27284
27285 27299
27306 27311
27317 27332
27339 27344
27349 27353
27361 27377
27380 27387
27390 27413
27419 27430
27439 27457
27462 27464
27469 27472
27474 27476
27479 27488
27492 27514
27520 27543
27550 27551
27561 27579
27586 27588
27592 27599
27603 27605
27612 27623
27628 27646
27656 27657
27667 27691
27697 27713
27723 27729
27736 27743
27747 27752
27755 27766
27769 27773
27775 27788
27789 27806
27810 27834
27837 27845
27847 27852
27853 27860
27862 27884
27893 27895
27904 27913
27918 27936
27944 27954
27959 27959
27967 27976
27982 27991
27997 28004
28013 28022
28030 28051
28053 28058
28059 28059
28068 28069
28071 28072
28074 28098
28107 28121
28129 28152
28153 28161
28164 28167
28176 28194
28198 28208
28217 28226
28234 28234
28243 28255
28262 28280
28281 28296
28297 28302
28308 28322
28327 28348
28351 28371
28373 28390
28397 28397
28398 28409
28415 28424
28431 28434
28438 28460
28461 28469
28473 28487
28488 28489
28499 28521
28531 28545
28553 28573
28574 28576
28578 28582
28584 28589
28591 28615
28623 28635
28640 28652
28658 28667
28670 28689
28694 28696
28703 28709
28712 28736
28743 28765
28766 28766
28768 28790
28795 28803
28808 28819
28823 28830
28833 28849
28852 28870
28871 28882
28885 28899
28908 28918
28924 28946
28951 28967
28977 28997
29005 29018
29028 29046
29053 29074
29075 29084
29090 29100
29109 29123
29127 29135
29144 29160
29170 29180
29182 29196
29198 29219
29225 29247
29254 29259
29266 29278
29280 29303
29306 29326
29328 29331
29336 29360
29365 29374
29384 29404
29406 29408
29410 29432
29435 29445
29451 29464
29467 29468
29471 29492
29497 29506
29507 29514
29516 29532
29537 29551
29556 29557
29562 29563
29573 29573
29579 29585
29591 29600
29609 29617
29621 29635
29643 29645
29647 29669
29670 29694
29696 29715
29716 29716
29720 29735
29744 29765
29774 29776
29777 29800
29802 29822
29824 29834
29840 29843
29852 29859
29865 29886
29890 29895
29904 29904
29913 29927
29933 29933
29937 29938
29946 29956
29960 29960
29968 29979
29989 30000
30007 30016
30018 30040
30047 30061
30071 30075
30078 30081
30088 30097
30104 30110
30111 30125
30128 30128
30133 30142
30143 30162
30168 30190
30196 30209
30210 30219
30222 30246
30249 30269
30270 30278
30286 30303
30313 30316
30318 30335
30344 30353
30357 30367
30369 30387
30389 30389
30393 30398
30403 30424
30430 30451
30457 30464
30466 30488
30497 30510
30519 30535
30539 30548
30555 30557
30566 30567
30571 30572
30573 30589
30590 30613
30622 30625
30633 30638
30639 30651
30659 30675
30676 30688
30696 30702
30709 30733
30739 30754
30759 30763
30770 30793
30799 30806
30809 30827
30828 30838
30845 30850
30858 30866
30873 30880
30883 30883
30891 30910
30918 30918
30920 30920
30930 30930
30937 30950
30960 30971
30975 30991
30999 31010
31017 31024
31030 31048
31056 31062
31067 31090
31099 31107
31110 31129
31130 31151
31161 41186
2 21
25 42
49 59
68 89
97 105
106 127
131 154
157 157
160 172
175 185
189 203
208 212
213 228
234 245
252 255
263 268
274 276
285 298
307 317
320 326
332 339
349 361
362 379
385 393
395 402
405 423
431 433
443 443
451 469
471 472
473 483
486 491
494 514
523 540
542 554
562 580
586 604
611 612
616 619
621 622
625 645
647 647
652 670
671 687
695 714
722 725
730 738
741 751
756 766
776 779
784 794
800 802
811 823
833 833
841 846
856 866
874 894
897 920
926 944
950 954
960 977
979 982
988 1011
1020 1041
1049 1050
1060 1083
1092 1098
1102 1110
1111 1124
1125 1143
1148 1157
1158 1169
1174 1180
1187 1208
1217 1227
1231 1236
1244 1252
1260 1272
1274 1289
1295 1303
1310 1312
1316 1336
1340 1349
1355 1374
1377 1398
1402 1410
1420 1429
1433 1438
1448 1461
1466 1473
1477 1488
1494 1504
1508 1522
1529 1547
1549 1549
1558 1571
1572 1589
1594 1597
1598 1621
1631 1647
1654 1674
1677 1688
1697 1700
1701 1706
1714 1724
1732 1740
1744 1754
1758 1758
1765 1782
1787 1800
1806 1818
1825 1829
1836 1840
1842 1842
1844 1858
1862 1878
1884 1885
1895 1896
1902 1914
1917 1939
1946 1949
1954 1974
1978 1979
1980 2001
2003 2018
2027 2047
2057 2078
2083 2100
2108 2124
2129 2150
2159 2178
2180 2181
2188 2204
2205 2222
2225 2234
2240 2251
2256 2262
2266 2276
2278 2281
2283 2293
2294 2296
2300 2306
2312 2335
2343 2359
2367 2368
2372 2386
2387 2389
2393 2394
2404 2406
2415 2430
2432 2434
2439 2454
2461 2462
2470 2485
2491 2492
2499 2506
2516 2517
2523 2541
2550 2555
2564 2580
2587 2595
2600 2611
2612 2625
2632 2653
2659 2673
2679 2681
2684 2691
2698 2706
2708 2719
2720 2742
2747 2757
2761 2784
2792 2803
2805 2808
2815 2835
2839 2845
2852 2861
2863 2869
2871 2884
2885 2891
2896 2913
2919 2931
2940 2943
2951 2968
2975 2996
3006 3017
3025 3046
3055 3057
3064 3084
3094 3102
3109 3118
3125 3129
3136 3144
3147 3148
3158 3164
3171 3180
3182 3199
3204 3212
3219 3238
3240 3250
3253 3270
3278 3293
3300 3316
3320 3342
3343 3357
3366 3386
3388 3392
3395 3397
3404 3422
3428 3446
3448 3467
3469 3485
3492 3501
3504 3512
3513 3531
3539 3551
3561 3561
3565 3566
3569 3581
3583 3603
3609 3630
3633 3643
3649 3649
3656 3678
3680 3680
3681 3693
3701 3712
3719 3727
3737 3758
3767 3784
3794 3805
3812 3822
3825 3826
3834 3854
3855 3857
3861 3870
3880 3897
3901 3909
3912 3928
3937 3958
3965 3971
3981 3984
3987 4000
4010 4033
4042 4054
4059 4068
4074 4088
4094 4097
4102 4124
4133 4139
4142 4143
4145 4152
4159 4169
4178 4198
4207 4229
4235 4237
4245 4247
4256 4263
4264 4265
4270 4280
4288 4302
4311 4316
4322 4329
4334 4347
4356 4356
4362 4376
4382 4392
4399 4403
4408 4430
4435 4442
4447 4465
4475 4492
4497 4504
4509 4513
4523 4537
4545 4559
4563 4566
4570 4588
4591 4611
4619 4627
4632 4650
4656 4662
4663 4676
4681 4697
4705 4707
4709 4724
4725 4726
4732 4741
4744 4753
4759 4776
4779 4791
4792 4813
4815 4834
4838 4840
4846 4860
4867 4887
4892 4893
4896 4900
4907 4911
4916 4925
4934 4946
4954 4973
4983 4993
5002 5015
5021 5030
5038 5057
5066 5089
5094 5099
5104 5119
5125 5127
5129 5139
5144 5149
5159 5175
5179 5189
5198 5212
5214 5232
5241 5245
5255 5278
5283 5292
5295 5297
5301 5312
5322 5323
5332 5346
5351 5372
5378 5384
5394 5405
5414 5427
5432 5443
5447 5465
5469 5478
5479 5488
5498 5500
5506 5507
5517 5529
5538 5543
5546 5559
5563 5574
5581 5600
5610 5615
5624 5647
5653 5676
5681 5692
5695 5713
5716 5717
5718 5730
5739 5751
5757 5779
5782 5800
5810 5833
5836 5853
5859 5879
5881 5887
5888 5893
5895 5896
5899 5901
5910 5923
5933 5943
5948 5970
5976 5983
5993 5994
6002 6020
6023 6031
6040 6052
6057 6080
6089 6106
6113 6114
6118 6141
6145 6158
6168 6184
6192 6215
6222 6237
6239 6243
6244 6265
6266 6273
6278 6287
6292 6307
6315 6329
6335 6346
6350 6368
6373 6396
6406 6409
6416 6432
6437 6452
6453 6468
6474 6487
6495 6505
6510 6522
6523 6529
6535 6535
6539 6561
6571 6593
6599 6604
6611 6616
6623 6646
6652 6655
6658 6668
6675 6681
6690 6690
6700 6700
6707 6712
6720 6735
6745 6747
6751 6764
6773 6785
6787 6801
6804 6818
6821 6837
6839 6855
6861 6865
6866 6870
6872 6894
6901 6906
6910 6918
6920 6922
6930 6935
6937 6959
6962 6976
6977 6984
6988 7005
7012 7020
7026 7048
7058 7069
7072 7082
7092 7111
7114 7117
7127 7132
7135 7156
7161 7176
7183 7183
7185 7200
7208 7209
7211 7221
7227 7233
7241 7252
7256 7277
7285 7307
7316 7326
7336 7354
7358 7362
7371 7390
7391 7412
7414 7416
7424 7427
7429 7446
7454 7456
7465 7482
7488 7501
7509 7520
7524 7528
7533 7543
7546 7555
7564 7570
7573 7590
7591 7600
7609 7615
7618 7632
7633 7646
7649 7672
7678 7695
7698 7702
7708 7724
7734 7749
7753 7761
7770 7787
7791 7807
7815 7838
7846 7850
7858 7871
7877 7898
7905 7908
7909 7912
7916 7916
7923 7940
7950 7967
7976 7999
8006 8028
8032 8035
8037 8041
8046 8069
8075 8084
8088 8097
8102 8102
8104 8109
8112 8130
8131 8143
8146 8160
8162 8185
8188 8188
8192 8213
8217 8236
8241 8248
8258 8277
8287 8293
8300 8315
8317 8338
8343 8347
8354 8354
8364 8367
8369 8388
8397 8412
8416 8420
8427 8442
8450 8454
8464 8468
8471 8471
8476 8482
8489 8490
8497 8508
8515 8517
8518 8523
8531 8549
8558 8580
8587 8610
8616 8631
8634 8649
8652 8661
8665 8669
8676 8683
8693 8716
8720 8739
8740 8743
8753 8769
8773 8784
8788 8809
8811 8824
8827 8832
8834 8854
8860 8861
8871 8875
8884 8905
8910 8924
8934 8941
8943 8958
8961 8965
8969 8987
8991 8998
9006 9014
9016 9026
9029 9039
9043 9060
9062 9080
9083 9105
9114 9115
9117 9127
9128 9151
9155 9165
9167 9189
9197 9213
9216 9232
9239 9244
9245 9248
9249 9272
9279 9298
9299 9299
9307 9324
9326 9338
9342 9350
9353 9363
9369 9386
9389 9412
9417 9436
9440 9453
9454 9465
9466 9474
9478 9488
9498 9503
9512 9521
9526 9528
9531 9553
9558 9575
9578 9581
9589 9600
9606 9613
9623 9628
9633 9634
9643 9659
9661 9683
9689 9696
9700 9719
9725 9729
9734 9738
9742 9754
9760 9765
9766 9775
9780 9780
9789 9793
9797 9820
9822 9845
9852 9873
9874 9880
9887 9903
9906 9917
9920 9939
9940 9955
9963 9972
9978 9991
9995 9999
10007 10025
10032 10039
10049 10055
10059 10072
10081 10099
10104 10113
10121 10139
10144 10149
10154 10159
10160 10174
10183 10195
10204 10207
10210 10211
10218 10233
10242 10260
10269 10276
10279 10301
10308 10316
10323 10328
10330 10344
10352 10362
10370 10371
10372 10378
10385 10406
10412 10432
10438 10457
10459 10472
10477 10498
10501 10504
10505 10517
10523 10523
10533 10534
10539 10540
10542 10544
10551 10558
10567 10581
10585 10593
10595 10608
10611 10616
10619 10628
10635 10649
10650 10669
10677 10696
10697 10699
10708 10728
10731 10734
10738 10740
10743 10746
10748 10770
10773 10791
10793 10799
10804 10818
10819 10842
10852 10872
10879 10885
10887 10901
10906 10908
10910 10917
10927 10944
10948 10967
10974 10990
10993 11012
11017 11027
11036 11041
11044 11056
11062 11083
11089 11096
11104 11105
11114 11129
11130 11149
11153 11156
11166 11175
11181 11184
11185 11195
11200 11218
11224 11226
11233 11252
11254 11266
11275 11279
11285 11307
11308 11309
11314 11317
11322 11329
11333 11340
11341 11344
11347 11350
11359 11362
11365 11369
11376 11389
11394 11413
11417 11421
11427 11428
11432 11435
11445 11458
11466 11488
11491 11506
11508 11516
11524 11524
11534 11534
11536 11550
11558 11567
11573 11574
11581 11595
11601 11612
11620 11640
11649 11667
11672 11691
11701 11716
11717 11717
11719 11724
11733 11734
11744 11750
11752 11752
11761 11769
11778 11783
11788 11807
11812 11820
11827 11837
11842 11844
11852 11861
11868 11871
11873 11895
11905 11919
11929 11950
11955 11973
11983 11995
12003 12003
12008 12028
12035 12051
12055 12071
12075 12094
12100 12119
12123 12130
12133 12142
12150 12169
12178 12185
12193 12206
12212 12226
12232 12251
12259 12276
12286 12300
12307 12308
12317 12333
12343 12349
12355 12373
12376 12390
12397 12414
12423 12424
12428 12428
12436 12446
12448 12453
12460 12470
12480 12487
12494 12500
12501 12521
12530 12530
12535 12557
12559 12576
12583 12597
12607 12622
12630 12644
12649 12664
12668 12676
12679 12679
12686 12705
12715 12734
12744 12765
12774 12778
12787 12809
12814 12821
12822 12840
12844 12857
12866 12866
12867 12890
12899 12912
12921 12936
12942 12954
12955 12958
12967 12982
12992 13012
13019 13025
13032 13051
13059 13081
13087 13103
13104 13122
13130 13145
13150 13172
13181 13202
13211 13229
13230 13242
13244 13262
13267 13270
13276 13278
13281 13300
13304 13305
13308 13320
13325 13333
13343 13362
13367 13390
13400 13402
13412 13414
13424 13429
13430 13451
13460 13474
13482 13504
13512 13527
13529 13544
13545 13545
13555 13571
13575 13594
13600 13603
13611 13612
13618 13624
13628 13629
13635 13635
13644 13666
13668 13681
13682 13693
13699 13705
13708 13726
13728 13733
13741 13763
13768 13787
13788 13793
13795 13796
13797 13802
13804 13827
13828 13844
13845 13864
13865 13868
13869 13875
13878 13885
13891 13897
13902 13924
13929 13949
13957 13966
13976 13986
13988 14009
14016 14029
14031 14032
14040 14051
14060 14080
14084 14105
14114 14123
14130 14152
14153 14157
14164 14186
14196 14212
14219 14233
14240 14249
14254 14277
14278 14282
14285 14620
10 24
27 42
43 44
49 64
69 71
79 102
107 120
121 135
139 143
150 169
176 185
192 210
219 231
239 240
250 269
270 270
271 285
292 307
308 320
328 347
354 363
368 369
379 399
402 414
424 438
448 461
470 475
482 483
492 495
505 514
524 533
534 545
549 550
554 567
576 587
597 604
612 618
619 641
643 645
655 657
659 679
680 696
703 726
734 755
760 784
790 795
804 819
827 834
838 858
866 875
879 888
890 896
902 903
912 930
934 948
949 971
972 985
994 1005
1009 1017
1020 1039
1047 1061
1067 1082
1088 1105
1115 1115
1120 1142
1147 1170
1177 1179
1181 1204
1213 1222
1224 1233
1234 1247
1249 1259
1266 1285
1294 1311
1319 1326
1328 1339
1342 1353
1356 1360
1361 1364
1374 1396
1397 1413
1421 1429
1433 1436
1438 1462
1472 1496
1505 1519
1528 1544
1547 1563
1566 1568
1569 1586
1592 1614
1623 1632
1633 1640
1641 1657
1664 1685
1686 1699
1707 1719
1729 1737
1745 1752
1760 1768
1776 1793
1803 1825
1826 1827
1831 1853
1858 1882
1889 1905
1914 1934
1935 1943
1953 1968
1970 1985
1987 2003
2010 2011
2012 2017
2022 2046
2054 2072
2080 2099
2100 2107
2109 2129
2130 2137
2142 2158
2162 2173
2181 2187
2196 2203
2205 2217
2227 2245
2251 2264
2271 2282
2287 2306
2315 2338
2347 2352
2354 2357
2360 2363
2371 2391
2397 2419
2424 2443
2448 2460
2463 2486
2487 2502
2504 2518
2519 2526
2534 2544
2550 2570
2579 2588
2593 2611
2621 2631
2635 2637
2641 2641
2647 2649
2653 2658
2668 2670
2671 2686
2692 2699
2709 2721
2727 2749
2751 2756
2761 2771
2774 2776
2783 2800
2804 2826
2827 2850
2860 2870
2876 2900
2904 2912
2919 2930
2934 2937
2941 2956
2960 2965
2966 2973
2974 2976
2983 3004
3007 3018
3023 3024
3030 3045
3046 3049
3054 3061
3063 3064
3072 3076
3077 3084
3087 3091
3100 3102
3110 3119
3125 3125
3132 3154
3160 3171
3176 3192
3193 3201
3206 3225
3232 3251
3258 3264
3273 3275
3284 3285
3294 3301
3302 3308
3309 3328
3329 3339
3344 3361
3368 3387
3397 3412
3419 3423
3427 3444
3451 3464
3465 3467
3477 3488
3491 3511
3516 3536
3545 3554
3558 3561
3563 3569
3579 3587
3588 3607
3614 3615
3624 3643
3649 3657
3667 3680
3685 3698
3706 3718
3727 3734
3740 3753
3759 3771
3777 3791
3801 3809
3813 3820
3825 3842
3843 3866
3869 3885
3891 3891
3901 3909
3915 3932
3936 3942
3943 3951
3953 3966
3969 3969
3977 3989
3990 4008
4015 4015
4020 4032
4034 4044
4047 4047
4055 4067
4068 4074
4080 4100
4103 4103
4105 4109
4112 4136
4142 4166
4171 4180
4185 4194
4196 4208
4215 4216
4224 4224
4233 4251
4254 4270
4274 4283
4290 4297
4307 4324
4329 4333
4338 4361
4371 4391
4399 4422
4425 4439
4448 4456
4460 4472
4480 4489
4496 4512
4520 4528
4530 4548
4556 4561
4571 4578
4579 4580
4586 4602
4608 4614
4620 4631
4641 4643
4651 4659
4660 4666
4669 4669
4679 4702
4708 4715
4718 4734
4740 4762
4770 4786
4787 4793
4795 4796
4805 4818
4828 4833
4838 4839
4846 4848
4857 4872
4882 4904
4908 4914
4923 4946
4951 4968
4975 4999
5006 5011
5014 5015
5018 5037
5047 5066
5074 5090
5097 5115
5122 5124
5128 5139
5144 5154
5158 5175
5183 5202
5212 5215
5223 5240
5242 5253
5260 5282
5285 5298
5308 5313
5320 5329
5336 5347
5356 5360
5370 5371
5376 5386
5391 5413
5422 5432
5442 5455
5458 5470
5478 5494
5497 5509
5510 5530
5539 5560
5565 5576
5578 5601
5610 5615
5623 5642
5649 5662
5663 5683
5690 5691
5694 5716
5721 5727
5730 5740
5745 5754
5759 5763
5771 5787
5789 5801
5803 5819
5826 5831
5836 5860
5870 5892
5902 5915
5925 5945
5952 5973
5976 5994
6003 6003
6009 6033
6042 6042
6052 6056
6061 6070
6071 6085
6088 6091
6095 6109
6115 6129
6131 6132
6142 6142
6149 6167
6177 6199
6206 6223
6232 6242
6243 6261
6269 6272
6277 6297
6306 6310
6313 6327
6328 6340
6341 6358
6365 6374
6381 6392
6398 6401
6406 6422
6423 6438
6446 6467
6475 6478
6488 6496
6500 6501
6508 6511
6513 6534
6543 6554
6562 6562
6571 6588
6594 6602
6604 6610
6615 6633
6638 6658
6667 6675
6682 6687
6697 6720
6723 6736
6745 6763
6770 6789
6796 6796
6804 6809
6818 6840
6842 6842
6843 6862
6867 6882
6883 6888
6895 6919
6925 6942
6947 6947
6948 6956
6963 6964
6973 6983
6984 6996
7002 7013
7017 7018
7020 7025
7027 7036
7046 7046
7053 7057
7064 7071
7078 7079
7088 7105
7107 7122
7129 7151
7153 7165
7166 7190
7191 7205
7215 7220
7229 7243
7253 7264
7272 7279
7283 7284
7289 7313
7322 7327
7332 7356
7362 7362
7364 7367
7373 7377
7386 7392
7394 7405
7406 7413
7414 7425
7429 7450
7454 7457
7465 7477
7484 7489
7495 7504
7513 7527
7533 7544
7546 7562
7563 7574
7579 7592
7594 7608
7616 7628
7631 7650
7656 7676
7680 7691
7700 7701
7709 7710
7712 7732
7737 7759
7762 7773
7780 7790
7793 7811
7820 7820
7826 7834
7839 7843
7846 7851
7852 7868
7878 7895
7896 7916
7926 7941
7945 7967
7969 7986
7996 8018
8028 8043
8045 8061
8068 8070
8074 8079
8083 8086
8092 8100
8105 8124
8132 8145
8153 8160
8170 8193
8195 8210
8214 8230
8236 8239
8240 8264
8266 8280
8284 8294
8299 8319
8324 8331
8336 8345
8348 8370
8374 8394
8402 8404
8414 8433
8439 8457
8461 8480
8488 8493
8500 8510
8519 8538
8540 8553
8557 8569
8578 8596
8601 8610
8616 8619
8629 8646
8655 8661
8663 8666
8668 8692
8693 8711
8715 8735
8737 8759
8761 8764
8769 8772
8774 8776
8779 8786
8787 8804
8811 8829
8837 8859
8865 8868
8870 8894
8900 8916
8924 8935
8942 8951
8959 8960
8965 8971
8975 8990
8991 9005
9012 9021
9024 9038
9045 9061
9065 9066
9070 9089
9097 9120
9122 9124
9131 9150
9159 9182
9190 9200
9202 9210
9217 9241
9243 9243
9244 9253
9262 9274
9276 9290
9299 9319
9325 9334
9337 9340
9343 9365
9373 9384
9385 9400
9406 9429
9437 9455
9457 9458
9460 9468
9471 9473
9476 9476
9477 9491
9494 9517
9526 9539
9544 9545
9554 9573
9576 9598
9606 9607
9610 9631
9632 9651
9660 9665
9669 9671
9673 9689
9696 9703
9705 9723
9725 9733
9739 9755
9765 9772
9782 9786
9789 9794
9800 9806
9811 9830
9836 9857
9864 9868
9878 9889
9894 9902
9906 9925
9933 9952
9958 9976
9985 9997
9999 10014
10017 10026
10030 10054
10061 10061
10065 10079
10080 10091
10094 10099
10100 10104
10113 10114
10124 10147
10150 10158
10167 10175
10180 10200
10203 10217
10227 10235
10244 10246
10250 10253
10255 10261
10269 10274
10276 10283
10285 10299
10303 10321
10331 10355
10358 10382
10383 10391
10401 10416
10423 10430
10434 10454
10460 10462
10465 10484
10485 10500
10509 10519
10525 10537
10542 10564
10569 10571
10577 10592
10594 10617
10626 10638
10643 10650
10653 10655
10662 10673
10676 10685
10695 10712
10720 10721
10726 10745
10748 10755
10757 10777
10780 10787
10792 10803
10805 10808
10813 10826
10830 10837
10847 10850
10851 10864
10871 10878
10879 10883
10887 10896
10905 10919
10921 10941
10942 10965
10972 10986
10994 10999
11005 11029
11039 11060
11069 11091
11092 11096
11098 11116
11118 11118
11128 11136
11142 11152
11158 11164
11166 11177
11178 11182
11190 11209
11217 11237
11242 11262
11267 11268
11276 11297
11300 11316
11320 11337
11339 11357
11364 11366
11375 11385
11390 11402
11408 11427
11432 11445
11453 11468
11473 11493
11501 11504
11511 11535
11541 11551
11553 11563
11567 11591
11593 11610
11618 11619
11620 11628
11638 11646
11647 11657
11666 11682
11692 11708
11717 11741
11751 11766
11768 11773
11781 11794
11803 11806
11811 11820
11826 11837
11844 11847
11853 11857
11864 11866
11873 11879
11881 11883
11888 11911
11919 11929
11932 11946
11948 11953
11957 11964
11970 11976
11984 11994
12000 12020
12029 12038
12040 12044
12052 12054
12057 12064
12072 12077
12085 12100
12109 12109
12112 12115
12119 12126
12127 12142
12144 12162
12170 12181
12187 12207
12210 12224
12225 12239
12241 12259
12269 12287
12290 12311
12314 12321
12323 12329
12339 12357
12364 12367
12368 12382
12386 12404
12406 12429
12431 12448
12457 12465
12466 12486
12492 12514
12524 12534
12537 12557
12562 12575
12581 12584
12586 12599
12607 12624
12634 12636
12639 12657
12663 12670
12678 12691
12700 12705
12709 12725
12730 12736
12738 12742
12751 12758
12767 12779
12782 12797
12807 12830
12834 12834
12844 12861
12867 12883
12893 12904
12910 12934
12939 12941
12950 12963
12966 12977
12983 12988
12998 13017
13026 13032
13038 13056
13057 13061
13067 13076
13081 13098
13102 13102
13107 13121
13129 13138
13141 13144
13152 13155
13160 13164
13167 13180
13190 13190
13192 13207
13210 13218
13225 13246
13253 13265
13267 13273
13280 13302
13303 13315
13322 13322
13327 13337
13347 13355
13357 13379
13384 13404
13405 13423
13428 13435
13439 13458
13468 13480
13482 13499
13500 13522
13528 13539
13549 13555
13558 13560
13566 13575
13576 13597
13598 13604
13606 13630
13631 13635
13637 13641
13647 13670
13675 13676
13685 13693
13701 13718
13724 13732
13742 13759
13766 13790
13796 13813
13817 13841
13847 13860
13864 13876
13877 13895
13901 13919
13923 13933
13934 13950
13952 13952
13953 13969
13978 14001
14006 14007
14015 14036
14041 14043
14044 14061
14065 14085
14086 14097
14102 14109
14117 14119
14126 14140
14144 14160
14163 14179
14187 14196
14201 14219
14229 14230
14235 14248
14253 14263
14270 14287
14291 14291
14293 14316
14320 14321
14330 14335
14341 14353
14356 14373
14376 14386
14388 14403
14405 14420
14424 14429
14430 14447
14449 14460
14465 14477
14479 14499
14508 14525
14530 14536
14537 14547
14555 14568
14573 14573
14574 14578
14579 14586
14590 14597
14602 14606
14614 14634
14636 14641
14650 14671
14681 14685
14691 14709
14716 14727
14732 14748
14755 14760
14761 14762
14771 14778
14780 14787
14790 14801
14805 14829
14835 14846
14853 14867
14868 14873
14880 14891
14897 14911
14917 14927
14931 14951
14952 14962
14971 14992
14999 15015
15023 15024
15027 15047
15053 15061
15071 15091
15096 15113
15118 15132
15141 15142
15143 15161
15168 15185
15187 15206
15208 15226
15228 15228
15229 15240
15248 15272
15281 15296
15302 15314
15319 15329
15332 15336
15340 15351
15361 15376
15380 15401
15403 15409
15419 15431
15433 15438
15448 15457
15459 15471
15477 15484
15494 15514
15521 15524
15531 15535
15540 15554
15558 15573
15578 15578
15580 15599
15608 15631
15633 15651
15661 15679
15686 15704
15712 15714
15720 15733
15737 15739
15740 15758
15760 15777
15784 15793
15794 15806
15812 15828
15835 15843
15850 15852
15856 15861
15866 15889
15893 15903
15910 15934
15935 15952
15955 15969
15971 15990
15998 16008
16017 16022
16028 16038
16041 16064
16066 16085
16092 16104
16106 16120
16126 16145
16155 16159
16169 16187
16192 16196
16197 16218
16227 16240
16244 16266
16269 16279
16282 16289
16292 16307
16310 16314
16317 16328
16332 16356
16357 16371
16373 16389
16395 16401
16405 16429
16437 16451
16461 16478
16488 16490
16496 16518
16524 16527
16530 16547
16551 16565
16575 16585
16592 16605
16613 16622
16632 16652
16658 16665
16667 16690
16694 16710
16717 16730
16734 16755
16759 16773
16782 16804
16811 16814
16816 16822
16826 16844
16846 16868
16878 16880
16885 16901
16908 16911
16919 16936
16940 16952
16962 16971
16974 16974
16978 16996
17000 17021
17026 17042
17043 17047
17056 17058
17068 17080
17081 17099
17107 17118
17121 17138
17145 17148
17152 17159
17162 17174
17184 17189
17196 17197
17200 17213
17220 17240
17247 17261
17265 17288
17295 17298
17306 17327
17330 17344
17345 17365
17368 17386
17395 17396
17402 17426
17433 17453
17462 17475
17478 17488
17495 17503
17505 17518
17527 17539
17545 17549
17556 17559
17567 17576
17580 17587
17591 17609
17616 17634
17638 17643
17647 17670
17679 17702
17711 17725
17726 17732
17736 17738
17745 17746
17749 17753
17755 17765
17772 17773
17781 17801
17808 17829
17831 17845
17851 17865
17875 17876
17877 17901
17905 17905
17914 17930
17935 17958
17965 17986
17991 18002
18004 18027
18032 18047
18050 18055
18062 18083
18087 18107
18114 18128
18130 18152
18153 18175
18180 18195
18196 18197
18202 18211
18213 18227
18235 18237
18240 18248
18253 18272
18279 18281
18284 18294
18297 18318
18324 18342
18352 18352
18358 18370
18380 18387
18395 18417
18424 18425
18430 18436
18446 18451
18454 18459
18465 18485
18494 18501
18507 18516
18523 18525
18527 18547
18552 18555
18565 18572
18577 18590
18593 18607
18614 18638
18647 18662
18669 18673
18680 18692
18696 18716
18719 18724
18732 18744
18752 18762
18768 18776
18778 18801
18809 18816
18821 18822
18829 18844
18850 18862
18868 18886
18888 18896
18901 18901
18910 18927
18934 18948
18953 18972
18974 18995
19003 19017
19022 19026
19033 19039
19049 19072
19077 19078
19079 19079
19080 19098
19104 19119
19120 19141
19147 19156
19161 19165
19172 19175
19177 19196
19206 19206
19211 19219
19224 19240
19245 19253
19261 19261
19263 19275
19284 19304
19308 19314
19321 19341
19343 19356
19360 19369
19376 19399
19408 19424
19425 19431
19438 19441
19442 19459
19469 19485
19486 19491
19499 19523
19527 19532
19540 19544
19547 19547
19549 19556
19565 19589
19595 19605
19609 19627
19632 19656
19665 19679
19682 19705
19706 19721
19724 19746
19755 19763
19773 19783
19792 19815
19823 19826
19832 19848
19858 19882
19886 19896
19906 19908
19911 19925
19928 19928
19933 19941
19948 19950
19953 19972
19976 19995
19997 20004
20013 20034
20035 20044
20049 20054
20063 20084
20090 20105
20113 20132
20138 20143
20150 20151
20156 20174
20175 20198
20204 20228
20235 20259
20268 20273
20277 20283
20290 20296
20305 20325
20334 20339
20344 20356
20359 20373
20379 20401
20404 20428
20432 20454
20461 20461
20467 20483
20484 20499
20501 20519
20521 20544
20547 20568
20569 20581
20585 20594
20598 20616
20621 20644
20649 20659
20665 20678
20686 20706
20713 20722
20729 20733
20742 20745
20747 20755
20762 20766
20767 20779
20782 20798
20806 20820
20823 20843
20845 20862
20872 20893
20897 20907
20908 20922
20930 20935
20943 20967
20976 20989
20995 20996
21002 21020
21030 21031
21040 21042
21045 21048
21054 21058
21060 21064
21073 21084
21089 21110
21116 21119
21128 21146
21155 21170
21178 21191
21199 21209
21212 21212
21213 21213
21218 21238
21244 21252
21257 21281
21283 21289
21294 21297
21299 21300
21303 21309
21312 21319
21325 21344
21347 21347
21356 21359
21365 21385
21387 21399
21402 21407
21408 21416
21422 21441
21450 21451
21461 21465
21473 21490
21492 21498
21499 21523
21531 21536
21544 21565
21570 21582
21584 21585
21593 21597
21607 21611
21618 21640
21648 21657
21666 21675
21678 21688
21692 21714
21721 21728
21736 21749
21755 21770
21776 21798
21803 21807
21810 21831
21840 21856
21863 21884
21890 21913
21916 21917
21926 21929
21939 21961
21971 21973
21980 21988
21991 22002
22009 22010
22014 22024
22031 22051
22057 22070
22071 22087
22096 22118
22123 22146
22148 22148
22158 22169
22176 22197
22200 22206
22216 22229
22233 22249
22252 22263
22268 22273
22276 22281
22290 22307
22315 22339
22348 22365
22374 22384
22390 22398
22403 22403
22412 22412
22413 22415
22419 22422
22431 22434
22439 22463
22465 22479
22480 22491
22492 22509
22511 22533
22541 22542
22545 22560
22566 22573
22583 22598
22601 22621
22627 22628
22636 22646
22651 22675
22678 22695
22704 22716
22724 22736
22741 22757
22760 22766
22774 22778
22782 22802
22812 22835
22837 22858
22867 22890
22894 22918
22925 22945
22952 22970
22974 22994
23004 23006
23012 23030
23038 23061
23068 23089
23097 23117
23125 23141
23150 23166
23173 23175
23184 23184
23190 23199
23208 23223
23224 23225
23230 23233
23242 23255
23259 23280
23289 23291
23293 23296
23305 23328
23337 23341
23346 23362
23369 23378
23386 23390
23391 23394
23403 23417
23418 23426
23427 23430
23439 23451
23453 23468
23471 23477
23486 23502
23506 23519
23520 23524
23529 23547
23552 23574
23579 23602
23603 23605
23610 23633
23643 23655
23659 23676
23685 23696
23698 23703
23710 23734
23738 23761
23768 23780
23790 23811
23815 23824
23830 23831
23832 23838
23843 23864
23868 23889
23897 23918
23922 23928
23933 23940
23949 23973
23974 23995
24003 24006
24014 24018
24021 24043
24048 24069
24079 24089
24097 24112
24115 24119
24121 24133
24139 24151
24161 24177
24186 24192
24200 24207
24217 24225
24232 24240
24245 24263
24270 24292
24294 24304
24313 24314
24322 24329
24337 24356
24364 24380
24385 24401
24403 24403
24408 24416
24419 24434
24436 24459
24463 24478
24486 24498
24502 24525
24528 24538
24543 24547
24550 24565
24570 24582
24584 24608
24613 24626
24630 24643
24651 24653
24659 24664
24669 24680
24689 24707
24714 24731
24733 24734
24737 24737
24741 24749
24756 24767
24776 24796
24802 24804
24810 24816
24821 24823
24829 24839
24847 24847
24851 24875
24883 24888
24895 24903
24907 24927
24930 24949
24959 24979
24980 25001
25008 25019
25029 25051
25054 25076
25079 25093
25103 25107
25110 25125
25132 25135
25141 25142
25151 25175
25178 25186
25188 25197
25199 25199
25206 25226
25233 25253
25257 25276
25283 25299
25305 25328
25332 25336
25344 25351
25352 25374
25381 25398
25401 25421
25424 25439
25441 25442
25452 25452
25454 25476
25481 25485
25495 25510
25513 25534
25540 25560
25568 25572
25579 25601
25604 25605
25609 25633
25642 25665
25674 25695
25701 25714
25718 25731
25735 25751
25753 25772
25775 25779
25786 25787
25796 25812
25820 25830
25835 25839
25845 25851
25860 25878
25884 25894
25899 25907
25910 25914
25918 25928
25932 25932
25938 25959
25960 25963
25967 25973
25978 25983
25989 26005
26007 26028
26038 26038
26045 26045
26051 26065
26072 26087
26095 26108
26117 26121
26123 26138
26147 26153
26156 26167
26174 26177
26178 26200
26209 26232
26233 26241
26242 26260
26267 26280
26287 26299
26304 26326
26329 26350
26359 26379
26386 26407
26411 26425
26428 26434
26441 26451
26454 26463
26468 26488
26498 26509
26517 26539
26541 26541
26544 26560
26561 26569
26574 26585
26593 26613
26622 26633
26637 26661
26663 26670
26678 26694
26701 26725
26728 26731
26733 26744
26749 26761
26769 26772
26776 26800
26803 26812
26819 26831
26839 26860
26866 26873
26876 26896
26901 26919
26926 26926
26931 26946
26949 26965
26972 26975
26976 26980
26984 26987
26993 27017
27019 27041
27046 27060
27070 27077
27079 27081
27086 27089
27094 27110
27113 27121
27130 27147
27151 27171
27179 27201
27207 27208
27217 27233
27243 27248
27251 27266
27271 27284
27289 27291
27294 27315
27317 27330
27331 27350
27352 27376
27380 27397
27405 27415
27421 27429
27434 27440
27446 27469
27470 27485
27490 27511
27515 27521
27523 27531
27535 27547
27556 27568
27573 27583
27592 27600
27605 27620
27623 27640
27645 27647
27652 27661
27665 27676
27681 27700
27705 27729
27735 27735
27737 27756
27763 27787
27795 27819
27822 27822
27830 27837
27838 27841
27845 27845
27849 27868
27870 27888
27897 27904
27910 27932
27936 27946
27952 27964
27965 27970
27977 27979
27985 27987
27996 27997
28002 28003
28006 28019
28026 28042
28044 28062
28068 28084
28094 28104
28112 28124
28133 28133
28143 28167
28175 28190
28197 28204
28207 28223
28228 28244
28250 28269
28270 28289
28292 28316
28317 28317
28323 28346
28353 28366
28376 28389
28394 28407
28412 28428
28431 28433
28442 28463
28472 28489
28496 28511
28513 28529
28533 28549
28552 28556
28562 28564
28570 28578
28588 28608
28614 28635
28641 28642
28647 28661
28667 28682
28687 28703
28705 28711
28717 28718
28719 28743
28752 28768
28770 28789
28799 28800
28806 28822
28830 28853
28860 28867
28869 28871
28881 28897
28901 28901
28911 28920
28930 28939
28949 28968
28976 28983
28986 29009
29013 29020
29030 29031
29033 29048
29051 29061
29070 29078
29083 29084
29086 29088
29089 29103
29113 29128
29131 29135
29141 29142
29148 29154
29163 29177
29180 29195
29202 29207
29216 29222
29232 29244
29247 29262
29272 29276
29280 29280
29285 29292
29301 29321
29331 29344
29346 29361
29370 29388
29395 29415
29421 29432
29437 29445
29453 29461
29462 29485
29489 29503
29510 29515
29524 29537
29543 29553
29558 29558
29561 29572
29580 29595
29604 29622
29631 29651
29652 29661
29665 29671
29678 29688
29698 29710
29716 29737
29739 29760
29762 29773
29781 29783
29785 29802
29810 29824
29832 29846
29856 29870
29876 29898
29900 29908
29916 29926
29932 29935
29937 29958
29965 29969
29971 29979
29982 29986
29993 30006
30012 30015
30025 30039
30047 30065
30067 30069
30072 30083
30085 30106
30107 30125
30126 30135
30137 30150
30157 30166
30175 30192
30193 30197
30206 30219
30222 30237
30240 30259
30265 30282
30292 30299
30303 30311
30312 30327
30333 30340
30347 30348
30354 30357
30362 30363
30366 30389
30394 30402
30410 30417
30425 30439
30448 30449
30452 30455
30464 30484
30489 30490
30495 30495
30499 30522
30526 30536
30540 30559
30567 30583
30591 30613
30623 30642
30643 30652
30655 30669
30672 30673
30682 30704
30705 30717
30718 30735
30738 30756
30764 30780
30787 30791
30793 30797
30800 30824
30831 30846
30852 30860
30869 30887
30896 30898
30906 30914
30916 30922
30928 30934
30937 30960
30969 30993
30996 30999
31006 31010
31019 31025
31026 31046
31047 31060
31067 31081
31090 31108
31118 31128
31137 31151
31160 31173
31180 31195
31205 31210
31217 31241
31248 31253
31263 31279
31284 31298
31305 31328
31337 31356
31366 31382
31384 31400
31405 31423
31429 31448
31452 31463
31464 31482
31488 31498
31501 31517
31524 31532
31536 31560
31570 31581
31587 31595
31603 31614
31617 31640
31645 31663
31664 31677
31684 31695
31702 31719
31721 31732
31742 31763
31771 31790
31791 31813
31815 31839
31846 31855
31863 31879
31884 31900
31904 31920
31927 31932
31935 31959
31966 31980
31985 31988
31991 31996
31998 32007
32012 32012
32015 32028
32030 32050
32055 32068
32073 32089
32097 32109
32115 32134
32139 32150
32153 32160
32163 32177
32187 32194
32195 32217
32224 32233
32241 32241
32248 32267
32269 32284
32289 32300
32307 32324
32333 32348
32350 32352
32359 32377
32385 32394
32400 32423
32429 32431
32434 32434
32441 32462
32472 32478
32480 32487
32490 32513
32521 32531
32541 32562
32566 32579
32587 32596
32598 32613
32623 32637
32647 32655
32658 32671
32674 32696
32698 32710
32718 32736
32744 32762
32770 32793
32796 32809
32815 32836
32845 32858
32866 32874
32881 32891
32895 32913
32915 32919
32920 32940
32941 32947
32956 32959
32960 32980
32983 32989
32990 32996
33004 33028
33036 33055
33064 33068
33073 33076
33084 33106
33115 33124
33127 33131
33138 33144
33154 33171
33174 33185
33186 33194
33198 33218
33227 33242
33244 33259
33266 33269
33272 33272
33275 33299
33301 33303
33304 33309
33316 33323
33324 33348
33353 33365
33367 33384
33393 33400
33403 33409
33414 33418
33425 33439
33444 33448
33453 33470
33475 33477
33478 33496
33505 33528
33538 33562
33568 33569
33577 33585
33595 33607
33608 33613
33623 33641
33651 33671
33677 33688
33692 33711
33719 33738
33739 33756
33760 33774
33784 33803
33811 33816
33817 33839
33845 33854
33861 33868
33870 33875
33884 33906
33909 33912
33922 33941
33943 33946
33951 33972
33975 33994
34003 34012
34013 34018
34020 34033
34039 34052
34057 34071
34077 34101
34103 34103
34110 34119
34124 34148
34154 34156
34160 34169
34172 34174
34178 34181
34184 34203
34206 34207
34216 34238
34240 37869
8 28
32 56
66 90
97 109
114 131
139 148
152 167
169 176
179 201
207 226
236 245
249 252
257 268
275 283
284 292
300 322
332 352
355 360
365 370
373 373
383 392
400 422
427 450
458 476
482 484
487 494
504 520
523 526
531 531
535 536
541 547
554 567
571 594
600 623
624 636
645 649
658 668
671 693
700 711
712 720
724 729
730 732
736 738
747 751
757 778
786 800
805 813
818 826
828 852
861 874
883 891
895 906
913 935
936 943
944 944
952 975
983 991
1000 1007
1010 1021
1025 1042
1052 1073
1082 1098
1103 1115
1122 1135
1139 1148
1150 1151
1156 1177
1185 1200
1206 1228
1233 1238
1239 1256
1258 1265
1268 1277
1280 1296
1304 1309
1316 1324
1333 1352
1357 1365
1375 1377
1381 1403
1410 1434
1439 1445
1449 1460
1464 1484
1486 1486
1493 1504
1507 1514
1515 1536
1545 1557
1560 1577
1578 1601
1609 1632
1638 1642
1646 1650
1657 1663
1670 1690
1694 1696
1703 1709
1716 1717
1724 1726
1728 1732
1741 1761
1765 1775
1777 1783
1789 1795
1796 1816
1823 1826
1832 1833
1836 1842
1850 1865
1873 1884
1890 1910
1919 1932
1941 1945
1951 1958
1960 1978
1980 2001
2008 2010
2013 2022
2023 2030
2036 2047
2052 2076
2078 2079
2087 2087
2090 2100
2106 2128
2130 2131
2136 2147
2152 2175
2182 2188
2191 2215
2216 2236
2240 2256
2259 2266
2272 2280
2287 2305
2310 2332
2340 2352
2356 2375
2378 2386
2388 2390
2391 2393
2394 2418
2425 2445
2455 2462
2469 2475
2479 2482
2490 2498
2505 2506
2512 2536
2541 2547
2555 2560
2566 2577
2585 2589
2592 2598
2606 2620
2630 2649
2658 2672
2676 2685
2692 2710
2719 2734
2741 2745
2749 2754
2757 2774
2782 2787
2794 2810
2814 2824
2829 2848
2850 2868
2869 2874
2880 2892
2894 2905
2914 2931
2937 2938
2947 2961
2968 2990
3000 3000
3004 3026
3027 3042
3047 3059
3067 3074
3076 3087
3095 3102
3103 3118
3119 3124
3133 3133
3143 3162
3164 3166
3168 3182
3183 3198
3202 3206
3216 3223
3228 3247
3254 3265
3267 3290
3297 3306
3312 3321
3322 3322
3329 3331
3339 3355
3358 3373
3378 3381
3387 3392
3395 3418
3425 3439
3448 3472
3478 3482
3486 3510
3514 3531
3540 3550
3556 3570
3575 3597
3601 3617
3625 3641
3650 3665
3673 3675
3678 3679
3685 3702
3712 3726
3733 3740
3744 3750
3760 3784
3793 3810
3811 3822
3829 3844
3853 3854
3859 3878
3885 3889
3890 3913
3914 3917
3918 3923
3926 3926
3930 3944
3947 3966
3975 3985
3988 3997
4007 4018
4024 4031
4037 4049
4050 4067
4076 4097
4103 4112
4118 4139
4144 4145
4153 4164
4171 4185
4192 4206
4211 4211
4220 4229
4234 4243
4253 4274
4280 4295
4305 4310
4320 4337
4347 4367
4377 4399
4401 4407
4410 4418
4427 4450
4455 4455
4460 4478
4485 4486
4489 4495
4499 4511
4512 4534
4538 4549
4556 4574
4577 4584
4585 4586
4591 4611
4615 4625
4633 4649
4652 4653
4659 4681
4691 4702
4712 4723
4728 4743
4753 4766
4773 4790
4794 4807
4809 4810
4811 4823
4829 4833
4839 4859
4865 4886
4894 4900
4908 4918
4928 4929
4938 4962
4966 4979
4988 5010
5017 5034
5042 5057
5061 5072
5082 5093
5098 5098
5103 5127
5128 5137
5146 5158
5166 5177
5186 5210
5220 5237
5239 5257
5266 5266
5272 5290
5291 5299
5305 5321
5329 5334
5338 5348
5350 5367
5376 5391
5396 5409
5412 5421
5426 5446
5450 5458
5467 5476
5477 5479
5481 5502
5511 5533
5537 5555
5561 5574
5581 5589
5591 5594
5603 5617
5624 5630
5639 5653
5660 5665
5675 5688
5698 5702
5704 5719
5727 5748
5758 5780
5782 5782
5792 5816
5821 5840
5843 5858
5867 5887
5891 5907
5913 5926
5933 5949
5954 5970
5979 5996
5998 6010
6014 6027
6029 6050
6059 6063
6071 6073
6082 6100
6110 6134
6142 6146
6151 6162
6169 6173
6175 6196
6202 6209
6216 6219
6228 6233
6234 6242
6247 6265
6272 6279
6286 6300
6304 6315
6316 6339
6345 6369
6373 6395
6404 6415
6417 6436
6439 6463
6472 6478
6479 6498
6502 6510
6518 6531
6540 6557
6560 6574
6578 6598
6601 6620
6630 6632
6641 6648
6651 6674
6676 6697
6698 6704
6712 6735
6742 6748
6753 6754
6762 6783
6784 6786
6791 6809
6816 6835
6843 6858
6868 6868
6869 6877
6880 6901
6902 6909
6913 6926
6934 6943
6953 6958
6967 6985
6991 7012
7014 7019
7022 7038
7045 7063
7069 7077
7081 7092
7100 7102
7104 7115
7121 7134
7144 7148
7154 7161
7163 7176
7184 7202
7208 7216
7225 7243
7252 7258
7268 7272
7279 7292
7295 7309
7316 7334
7342 7363
7365 7365
7370 7380
7384 7388
7397 7405
7414 7422
7430 7451
7454 7468
7470 7494
7497 7514
7517 7517
7526 7534
7536 7545
7552 7558
7559 7564
7571 7594
7603 7610
7616 7618
7621 7634
7638 7656
7660 7678
7685 7702
7709 7709
7716 7724
7726 7731
7732 7750
7753 7776
7785 7801
7806 7808
7811 7820
7825 7848
7853 7865
7873 7884
7890 7892
7895 7895
7901 7901
7906 7929
7938 7950
7957 7958
7959 7961
7969 7989
7993 8007
8008 8011
8017 8021
8022 8026
8028 8042
8052 8054
8062 8076
8086 8105
8107 8123
8130 8143
8152 8169
8173 8186
8192 8208
8214 8214
8216 8240
8249 8270
8276 8294
8304 8327
8333 8338
8341 8357
8364 8373
8377 8377
8381 8390
8400 8416
8422 8438
8445 8466
8467 8488
8493 8508
8512 8536
8538 8549
8555 8569
8572 8588
8598 8604
8609 8618
8620 8638
8641 8651
8654 8675
8681 8683
8686 8693
8699 8709
8713 8714
8721 8731
8735 8750
8752 8765
8768 8787
8792 8809
8815 8821
8822 8841
8851 8875
8885 8886
8892 8898
8902 8926
8936 8959
8967 8979
8985 9007
9010 9015
9022 9027
9034 9058
9059 9076
9086 9098
9102 9115
9118 9141
9143 9160
9163 9173
9183 9206
9210 9224
9230 9231
9235 9246
9254 9271
9272 9279
9285 9309
9315 9331
9336 9342
9345 9345
9346 9354
9364 9377
9384 9407
9409 9428
9435 9440
9450 9460
9470 9490
9500 9511
9515 9529
9532 9532
9540 9540
9546 9570
9580 9580
9588 9594
9596 9607
9611 9619
9624 9646
9655 9670
9679 9690
9692 9706
9713 9730
9732 9752
9760 9762
9766 9779
9786 9794
9798 9798
9802 9825
9835 9842
9851 9867
9868 9874
9884 9907
9912 9935
9944 9956
9962 9983
9989 9990
9991 10008
10018 10031
10041 10049
10055 10078
10080 10086
10088 10100
10110 10126
10132 10140
10141 10152
10160 10176
10184 10192
10197 10206
10209 10221
10230 10252
10253 10277
10284 10304
10313 10335
10339 10346
10352 10352
10355 10359
10364 10379
10386 10404
10406 10409
10413 10420
10430 10437
10443 10452
10454 10470
10474 10497
10502 10520
10523 10537
10545 10568
10576 10588
10594 10616
10622 10625
10629 10633
10636 10645
10653 10653
10656 10659
10663 10668
10671 10691
10692 10706
10711 10717
10719 10743
10748 10760
10763 10766
10768 10780
10788 10803
10813 10837
10843 10864
10872 10887
10894 10905
10915 10938
10940 10941
10945 10962
10971 10989
10992 11015
11023 11041
11043 11058
11066 11078
11086 11097
11104 11110
11114 11132
11134 11157
11165 11176
11178 11200
11209 11231
11240 11242
11245 11267
11276 11279
11281 11295
11304 11307
11317 11322
11326 11347
11356 11371
11380 11380
11382 11406
11413 11415
11425 11428
11429 11443
11450 11471
11480 11500
11502 11523
11528 11548
11549 11554
11560 11571
11576 11599
11606 11616
11618 11632
11639 11643
11645 11662
11667 11675
11677 11688
11689 11702
11704 11716
11721 11730
11736 11753
11760 11768
11769 11775
11782 11793
11800 11806
11811 11816
11822 11838
11844 11855
11856 11880
11886 11900
11902 11923
11931 11940
11943 11952
11962 11962
11966 11969
11975 11985
11993 12009
12019 12032
12037 12039
12041 12051
12060 12060
12063 12076
12083 12093
12095 12119
12124 12140
12144 12146
12147 12159
12161 12185
12189 12200
12201 12224
12231 12243
12252 12266
12267 12271
12274 12279
12286 12291
12297 12314
12315 12323
12324 12348
12349 12356
12357 12361
12362 12375
12377 12394
12402 12421
12429 12431
12439 12456
12457 12458
12465 12475
12476 12487
12490 12509
12513 12513
12523 12532
12540 12546
12556 12556
12557 12571
12576 12581
12587 12598
12604 12607
12617 12641
12646 12667
12676 12683
12689 12694
12703 12724
12726 12726
12736 12746
12751 12754
12762 12782
12787 12792
12801 12811
12819 12828
12835 12851
12853 12876
12884 12898
12900 12906
12910 12910
12915 12932
12942 12961
12964 12983
12986 13001
13011 13013
13016 13031
13039 13054
13057 13078
13086 13102
13111 13115
13116 13125
13133 13151
13159 13183
13186 13194
13198 13219
13225 13237
13238 13260
13270 13284
13291 13292
13293 13304
13308 13315
13317 13327
13332 13346
13350 13371
13377 13393
13399 13406
13412 13434
13435 13444
13454 13462
13467 13476
13478 13485
13487 13510
13520 13525
13533 13553
13558 13575
13577 13589
13592 13602
13603 13604
13606 13616
13617 13625
13635 13637
13645 13651
13652 13669
13671 13672
13675 13685
13691 13701
13709 13717
13726 13747
13749 13770
13773 13773
13779 13779
13784 13803
13806 13822
13831 13844
13849 13872
13874 13882
13888 13903
13913 13915
13924 13929
13930 13942
13951 13968
13977 13987
13994 14000
14005 14024
14029 14032
14039 14059
14065 14077
14079 14097
14107 14121
14125 14133
14141 14148
14157 14172
14180 14187
14192 14199
14208 14208
14209 14215
14218 14238
14242 14262
14269 14273
14275 14283
14293 14305
14311 14326
14329 14350
14354 14360
14367 14385
14392 14392
14398 14407
14410 14433
14437 14449
14450 14456
14459 14459
14469 14475
14476 14486
14494 14518
14523 14541
14546 14570
14579 14593
14595 14605
14613 14637
14641 14641
14646 14657
14661 14681
14689 14709
14713 14728
14731 14731
14736 14757
14766 14779
14785 14785
14786 14793
14795 14810
14813 14823
14825 14837
14844 14851
14856 14870
14879 14896
14906 14908
14909 14926
14929 14931
14932 14949
14950 14974
14980 15001
15003 15026
15036 15037
15041 15051
15052 15052
15060 15074
15077 15095
15105 15119
15120 15123
15129 15137
15141 15162
15163 15166
15176 15186
15190 15194
15199 15204
15208 15232
15234 15235
15238 15248
15253 15276
15279 15295
15301 15302
15304 15316
15326 15338
15347 15368
15374 15384
15394 15407
15410 15427
15430 15453
15463 15465
15468 15476
15479 15486
15490 15498
15505 15510
15516 15531
15535 15555
15565 15568
15570 15587
15596 15614
15619 15642
15647 15666
15671 15692
15701 15717
15726 15728
15738 15755
15757 15775
15778 15791
15794 15804
15813 15826
15830 15848
15850 15871
15875 15890
15898 15908
15911 15933
15934 15945
15951 15970
15978 15982
15983 16000
16008 16013
16015 16028
16036 16038
16040 16040
16048 16059
16067 16082
16087 16092
16102 16109
16119 16143
16153 16159
16161 16169
16175 16191
16201 16201
16208 16212
16215 16218
16225 16229
16239 16259
16268 16276
16279 16280
16289 16306
16314 16337
16345 16359
16368 16386
16390 16397
16403 16426
16432 16438
16445 16465
16466 16469
16471 16482
16490 16493
16500 16505
16510 16510
16516 16520
16525 16525
16532 16551
16554 16574
16577 16578
16580 16601
16602 16612
16613 16628
16637 16658
16662 16676
16683 16706
16709 16723
16725 16726
16731 16734
16742 16746
16750 16759
16765 16777
16784 16800
16803 16806
16816 16840
16843 16843
16851 16855
16861 16864
16874 16892
16897 16916
16917 16934
16943 16945
16948 16954
16961 16962
16972 16987
16995 17008
17010 17028
17031 17044
17051 17062
17071 17071
17075 17075
17084 17094
17099 17112
17113 17113
17123 17139
17142 17161
17171 17186
17190 17208
17212 17218
17220 17228
17235 17241
17250 17273
17280 17280
17287 17299
17309 17315
17316 17318
17326 17344
17349 17362
17366 17371
17373 17390
17394 17407
17411 17420
17426 17440
17448 17451
17452 17453
17455 17472
17475 17486
17494 17502
17507 17512
17515 17518
17520 17532
17540 17560
17563 17584
17591 17609
17618 17620
17623 17627
17630 17631
17640 17664
17670 17688
17696 17708
17718 17734
17739 17742
17745 17768
17770 17788
17797 17807
17809 17826
17835 17840
17843 17850
17855 17855
17856 17865
17875 17888
17897 17918
17920 17922
17923 17931
17937 17937
17943 17959
17963 17965
17975 17997
18003 18010
18017 18021
18029 18043
18052 18069
18070 18080
18081 18082
18086 18088
18089 18106
18114 18138
18145 18155
18164 18177
18186 18186
18195 18211
18215 18221
18230 18242
18252 18272
18279 18301
18303 18316
18323 18347
18349 18357
18360 18368
18373 18373
18381 18401
18411 18418
18425 18435
18443 18444
18449 18462
18464 18478
18483 18504
18511 18535
18544 18546
18556 18560
18565 18586
18596 18608
18611 18613
18615 18624
18630 18635
18637 18637
18640 18646
18649 18672
18679 18703
18710 18727
18737 18739
18747 18765
18771 18776
18786 18794
18799 18813
18823 18831
18834 18845
18848 18857
18861 18879
18881 18882
18884 18891
18898 18901
18907 18915
18920 18927
18937 18942
18947 18971
18972 18980
18985 18995
19004 19018
19020 19042
19048 19060
19063 19082
19086 19091
19095 19109
19110 19111
19112 19115
19117 19133
19143 19144
19151 19166
19175 19185
19193 19203
19210 19217
19218 19224
19230 19239
19247 19265
19269 19273
19276 19294
19298 19306
19312 19315
19323 19323
19329 19341
19343 19359
19363 19378
19381 19387
19395 19398
19405 19409
19410 19415
19418 19428
19437 19446
19448 19460
19470 19475
19477 19488
19492 19506
19516 19539
19542 19560
19566 19588
19594 19602
19608 19618
19619 19627
19629 19636
19640 19650
19653 19656
19664 19665
19669 19674
19680 19690
19693 19709
19710 19718
19726 19741
19751 19775
19781 19797
19807 19824
19826 19826
19828 19834
19842 19843
19850 19856
19866 19870
19874 19895
19898 19908
19918 19939
19947 19958
19962 19971
19974 19997
20002 20008
20009 20027
20028 20033
20040 20040
20050 20052
20060 20060
20065 20081
20086 20088
20096 20109
20112 20129
20136 20150
20155 20167
20170 20191
20195 20215
20218 20218
20219 20222
20229 20239
20241 20255
20263 20271
20273 20292
20300 20318
20328 20351
20358 20381
20388 20399
20408 20416
20425 20426
20429 20437
20441 20453
20458 20469
20472 20486
20490 20493
20501 20521
20527 20541
20543 20553
20563 20565
20570 20583
20586 20586
20589 20597
20599 20612
20617 20633
20640 20640
20649 20669
20678 20686
20694 20708
20711 20728
20732 20742
20750 20771
20779 20793
20796 20814
20824 20835
20836 20841
20851 20868
20872 20885
20889 20898
20900 20924
20930 20954
20959 20979
20980 20987
20989 20993
21001 21004
21008 21010
21019 21039
21043 21064
21072 21082
21089 21102
21111 21123
21128 21128
21130 21134
21140 21151
21155 21172
21179 21194
21201 21211
21220 21233
21239 21258
21259 21278
21281 21299
21306 21318
21325 21347
21348 21351
21361 21363
21365 21373
21380 21392
21393 21415
21422 21422
21427 21433
21438 21460
21463 21474
21477 21489
21491 21493
21495 21516
21518 21523
21529 21549
21559 21565
21568 21573
21580 21581
21591 21593
21595 21595
21603 21626
21631 21639
21641 21651
21659 21679
21682 21696
21705 21722
21726 21736
21743 21752
21756 21774
21776 21799
21800 21810
21812 21819
21822 21841
21847 21850
21858 21882
21891 21907
21910 21915
21925 21948
21954 21970
21972 21972
21980 21984
21992 22004
22006 22019
22026 22026
22030 22044
22050 22050
22053 22062
22072 22093
22102 22122
22123 22125
22130 22135
22139 22157
22163 22183
22188 22191
22195 22210
22216 22239
22246 22270
22276 22291
22301 22310
22316 22316
22320 22337
22338 22340
22342 22352
22357 22362
22370 22394
22402 22405
22410 22413
22417 22434
22443 22460
22468 22479
22484 22486
22491 22497
22504 22524
22526 22543
22548 22561
22564 22568
22569 22587
22595 22604
22610 22616
22623 22635
22643 22666
22674 22687
22696 22711
22717 22718
22727 22731
22732 22751
22758 22759
22765 22774
22781 22804
22807 22809
22818 22837
22840 22859
22869 22885
22891 22910
22915 22936
22945 22951
22958 22960
22965 22965
22974 22976
22980 22983
22990 23008
23011 23026
23027 23027
23029 23047
23056 23061
23065 23077
23080 23087
23096 23112
23121 23134
23143 23165
23172 23195
23201 23208
23215 23216
23224 23245
23249 23260
23265 23277
23284 23307
23317 23320
23329 23336
23344 23368
23377 23397
23406 23421
23431 23454
23458 23460
23464 23485
23487 23511
23512 23518
23520 23543
23551 23567
23572 23585
23588 23608
23616 23626
23635 23641
23651 23670
23679 23690
23691 23694
23703 23713
23722 23734
23743 23747
23754 23775
23781 23800
23803 23825
23831 23834
23840 23849
23854 23870
23880 23903
23905 23906
23916 23923
23928 23951
23953 23953
23960 23983
23987 24008
24012 24036
24042 24058
24067 24070
24075 24080
24083 24094
24100 24124
24126 24128
24134 24147
24152 24162
24169 24176
24178 24200
24210 24233
24241 24258
24262 24270
24276 24279
24281 24304
24309 24327
24329 24338
24340 24347
24348 24366
24372 24392
24397 24409
24419 24424
24432 24450
24456 24469
24473 24476
24480 24497
24504 24514
24520 24521
24528 24530
24531 24533
24535 24546
24553 24572
24574 24593
24596 24607
24611 24633
24642 24651
24658 24667
24677 24690
24696 24700
24710 24718
24724 24741
24742 24753
24756 24768
24774 24797
24798 24820
24829 24847
24851 24875
24883 24887
24891 24905
24911 24919
24929 24929
24938 24938
24944 24953
24963 24978
24985 25003
25012 25013
25016 25016
25021 25035
25036 25040
25046 25051
25058 25076
25080 25090
25100 25112
25117 25129
25134 25141
25145 25163
25173 25191
25200 25221
25224 25233
25240 25260
25270 25281
25283 25299
25309 25320
25327 25331
25339 25362
25364 25383
25390 25401
25408 25418
25427 25449
25459 25461
25468 25492
25498 25514
25522 25538
25541 25563
25569 25570
25575 25582
25592 25608
25617 25620
25625 25631
25641 25662
25672 25692
25700 25722
25729 25729
25732 25737
25746 25753
25763 25767
25776 25783
25786 25789
25793 25805
25808 25808
25817 25838
25846 25848
25851 25859
25868 25886
25893 25910
25913 25934
25943 25952
25958 25977
25983 25986
25988 25998
26001 26014
26016 26036
26037 26051
26060 26080
26084 26086
26092 26108
26118 26123
26124 26137
26143 26146
26149 26155
26162 26186
26196 26207
26211 26211
26214 26234
26238 26249
26257 26274
26284 26308
26318 26339
26345 26360
26367 26387
26390 26401
26403 26419
26428 26436
26442 26450
26455 26467
26473 26483
26487 26508
26517 26540
26542 26547
26549 26550
26557 26560
26564 26581
26591 26601
26610 26631
26637 26641
26648 26665
26674 26676
26678 26691
26695 26711
26714 26716
26722 26736
26746 26764
26770 26782
26789 26798
26808 26820
26826 26839
26848 26854
26860 26882
26889 26910
26915 26931
26934 26944
26945 26967
26968 26989
26991 26996
27004 27014
27017 27036
27043 27064
27069 27082
27083 27091
27094 27100
27103 27113
27123 27138
27142 27144
27153 27162
27166 27175
27178 27178
27185 27197
27198 27211
27216 27227
27231 27254
27261 27261
27262 27286
27295 27304
27312 27322
27330 27340
27343 27358
27361 27372
27375 27390
27391 27413
27418 27431
27438 27441
27443 27448
27449 27467
27471 27472
27477 27489
27492 27494
27499 27521
27528 27543
27552 27565
27571 27572
27578 27595
27604 27628
27630 27630
27635 27658
27662 27677
27687 27693
27694 27701
27708 27719
27725 27732
27742 27746
27756 27774
27778 27788
27796 27807
27808 27809
27816 27817
27822 27824
27830 27852
27856 27859
27864 27884
27887 27911
27912 27928
27932 27938
27942 27961
27966 27966
27970 27980
27982 28006
28016 28030
28031 28054
28060 28070
28075 28076
28085 28088
28094 28105
28108 28117
28122 28126
28136 28154
28155 28171
28173 28186
28191 28202
28208 28228
28235 28248
28257 28274
28278 28292
28296 28319
28327 28335
28341 28353
28354 28355
28358 28375
28378 28400
28409 28412
28419 28428
28438 28444
28446 28456
28457 28459
28469 28476
28477 28487
28493 28501
28507 28517
28527 28540
28544 28555
28563 28584
28585 28594
28604 28622
28631 28642
28643 28650
28652 28670
28677 28692
28697 28716
28720 28741
28749 28751
28755 28779
28787 28788
28798 28817
28819 28827
28831 28853
28858 28865
28866 28886
28890 28909
28918 28939
28940 28945
28954 28975
28984 29006
29011 29035
29042 29059
29063 29078
29088 29091
29096 29104
29114 29137
29141 29157
29159 29172
29173 29174
29177 29187
29191 29206
29216 29229
29238 29249
29253 29272
29275 29293
29300 29323
29331 29338
29344 29361
29370 29381
29383 29397
29405 29405
29414 29416
29420 29441
29442 29452
29462 29476
29482 29504
29514 29538
29544 29563
29569 29574
29583 29603
29607 29611
29620 29638
29646 29657
29663 29675
29680 29688
29690 29711
29713 29729
29733 29737
29741 29756
29757 29769
29779 29791
29799 29809
29812 29836
29837 29861
29867 29885
29887 29892
29898 29915
29921 29935
29936 29949
29951 29955
29957 29961
29968 29975
29982 29983
29993 30004
30012 30018
30024 30047
30056 30068
30070 30077
30085 30101
30106 30125
30127 30132
30137 30150
30158 30158
30161 30163
30169 30172
30175 30186
30187 30197
30207 30213
30217 30227
30237 30242
30244 30263
30265 30276
30286 30303
30308 30329
30335 30338
30341 30364
30368 30386
30394 30402
30403 30419
30420 30430
30438 30457
30460 30467
30474 30492
30498 30518
30522 30531
30534 30555
30556 30564
30572 30586
30594 30597
30605 30617
30619 30623
30627 30644
30653 30653
30656 30674
30678 30692
30697 30712
30722 30725
30733 30750
30752 30764
30772 30773
30782 30799
30804 30808
30814 30822
30831 30834
30842 30848
30856 30876
30882 30887
30897 30907
30910 30926
30931 30932
30939 30949
30956 30973
30974 30990
30995 31008
31009 31033
31043 31047
31054 31069
31078 31094
31103 31104
31111 31121
31126 31142
31151 31173
31182 31204
31212 31220
31230 31243
31245 31265
31269 31271
31274 31287
31293 31316
31323 31324
31327 31344
31350 31363
31368 31383
31386 31394
31398 31403
31404 31407
31416 31419
31420 31442
31451 31458
31459 31476
31480 31496
31501 31522
31523 31526
31529 31545
31552 31567
31572 31573
31574 31575
31585 31604
31611 31634
31642 31651
31656 31656
31666 31668
31669 31683
31685 31693
31703 31709
31715 31737
31742 31758
31759 31781
31791 31800
31806 31829
31835 31844
31854 31866
31867 31882
31884 31887
31892 31903
31911 31931
31933 31937
31942 31958
31959 31960
31963 31982
31992 31996
32000 32011
32013 32029
32033 32050
32053 32076
32077 32081
32089 32103
32110 32129
32132 32155
32163 32184
32186 32197
32206 32230
32236 32253
32261 32272
32273 32292
32300 32307
32317 32320
32329 32351
32353 32354
32359 32359
32361 32366
32372 32382
32389 32410
32420 32423
32425 32428
32435 32444
32451 32470
32479 32488
32498 32499
32502 32511
32517 32523
32525 32546
32553 32564
32573 32580
32585 32595
32599 32614
32615 32630
32636 32649
32651 32657
32667 32677
32684 32706
32716 32719
32724 32727
32735 32743
32750 32759
32764 32767
32768 32781
32782 32784
32794 32814
32821 32835
32841 32862
32864 32886
32888 32895
32904 32904
32910 32919
32920 32922
32929 32935
32941 32941
32943 32962
32968 32985
32989 32994
32998 33018
33027 33050
33053 33072
33078 33089
33095 33096
33099 33116
33117 33136
33143 33156
33158 33174
33182 33188
33192 33196
33201 33201
33208 33211
33216 33233
33239 33263
33268 33286
33292 33309
33313 33330
33334 33350
33351 33375
33378 33391
33398 33415
33425 33442
33446 33451
33457 33462
33466 33472
33479 33481
33485 33503
33509 33512
33520 33523
33531 33542
33546 33568
33574 40081
7 12
19 41
46 53
60 60
63 67
77 90
92 105
114 128
132 132
136 141
142 153
162 171
177 180
190 202
207 216
221 237
239 251
255 257
258 267
270 279
285 308
312 329
332 345
349 361
367 374
384 399
405 425
433 446
455 456
464 477
480 499
504 507
514 533
534 535
536 546
550 570
579 592
595 617
619 640
641 657
663 667
670 672
682 691
699 699
705 725
731 731
741 762
766 786
787 798
803 825
827 839
847 853
859 866
871 872
873 889
894 906
914 917
919 941
949 958
968 968
973 987
993 1011
1017 1022
1023 1023
1030 1044
1054 1068
1070 1086
1088 1091
1092 1094
1101 1106
1110 1111
1121 1136
1146 1157
1167 1186
1187 1200
1205 1206
1211 1232
1242 1256
1260 1269
1276 1296
1303 1318
1320 1324
1329 1336
1345 1354
1364 1378
1386 1390
1396 1407
1415 1437
1447 1458
1465 1484
1492 1504
1510 1516
1522 1538
1542 1555
1564 1578
1587 1591
1599 1621
1625 1641
1646 1664
1672 1688
1697 1716
1719 1742
1746 1765
1768 1775
1782 1795
1800 1810
1811 1812
1821 1833
1834 1850
1857 1880
1882 1893
1898 1913
1922 1936
1938 1953
1957 1965
1967 1983
1989 1992
1999 2012
2018 2034
2037 2045
2055 2058
2067 2074
2075 2086
2096 2098
2107 2127
2130 2141
2146 2152
2154 2171
2179 2188
2196 2201
2204 2219
2223 2247
2252 2269
2277 2298
2302 2314
2319 2333
2334 2356
2365 2387
2388 2406
2411 2426
2432 2433
2435 2459
2464 2468
2473 2480
2489 2490
2495 2503
2506 2521
2524 2537
2542 2564
2574 2593
2598 2613
2619 2620
2630 2639
2649 2673
2678 2678
2679 2698
2703 2721
2723 2736
2737 2752
2755 2768
2777 2791
2795 2805
2815 2821
2822 2837
2838 2849
2854 2870
2877 2896
2899 2914
2920 2938
2944 2953
2955 2962
2972 2972
2975 2977
2983 2985
2995 3008
3012 3024
3032 3050
3051 3059
3066 3066
3070 3076
3079 3088
3091 3106
3107 3124
3131 3142
3145 3168
3174 3182
3185 3186
3195 3204
3213 3237
3247 3269
3274 3283
3289 3307
3310 3320
3322 3326
3334 3335
3341 3342
3348 3358
3361 3376
3386 3409
3411 3427
3431 3455
3461 3466
3472 3482
3492 3498
3500 3505
3509 3509
3514 3529
3530 3547
3555 3576
3583 3600
3610 3618
3627 3636
3640 3650
3653 3675
3676 3681
3686 3694
3699 3715
3724 3729
3736 3741
3750 3765
3766 3784
3792 3792
3799 3812
3817 3830
3832 3847
3850 3861
3865 3866
3874 3893
3897 3921
3925 3949
3955 3962
3970 3981
3982 4003
4007 4011
4018 4024
4034 4047
4053 4064
4070 4081
4088 4097
4104 4117
4119 4128
4138 4140
4143 4164
4171 4171
4180 4194
4204 4209
4219 4226
4233 4257
4263 4275
4276 4284
4288 4312
4314 4334
4343 4357
4361 4375
4384 4394
4397 4397
4399 4402
4410 4420
4421 4421
4422 4422
4427 4439
4445 4460
4462 4485
4493 4494
4500 4522
4524 4528
4538 4547
4549 4561
4565 4575
4577 4601
4607 4613
4620 4638
4648 4651
4655 4666
4667 4682
4684 4705
4713 4731
4734 4757
4760 4764
4771 4773
4782 4794
4803 4805
4808 4818
4823 4843
4849 4867
4877 4894
4901 4921
4924 4934
4935 4950
4960 4967
4970 4982
4992 5004
5006 5024
5025 5025
5028 5042
5045 5047
5054 5067
5068 5068
5072 5093
5100 5120
5127 5144
5147 5164
5170 5194
5195 5212
5214 5220
5221 5221
5225 5231
5239 5240
5245 5268
5270 5293
5303 5309
5310 5325
5335 5342
5349 5366
5376 5390
5393 5415
5419 5420
5421 5421
5424 5446
5455 5473
5477 5497
5506 5529
5533 5539
5545 5547
5554 5557
5563 5583
5588 5590
5593 5596
5597 5602
5610 5626
5633 5642
5643 5648
5656 5663
5666 5680
5685 5685
5690 5699
5702 5705
5714 5714
5716 5726
5731 5750
5754 5758
5765 5788
5798 5803
5807 5828
5830 5831
5836 5843
5846 5850
5860 5860
5868 5890
5900 5918
5923 5947
5951 5975
5985 5998
6005 6022
6023 6029
6031 6044
6047 6051
6055 6076
6086 6103
6108 6130
6139 6147
6150 6155
6159 6180
6183 6185
6191 6215
6221 6243
6252 6252
6254 6258
6264 6288
6290 6305
6306 6315
6317 6335
6339 6358
6365 6389
6393 6404
6414 6422
6424 6430
6437 6448
6453 6476
6485 6487
6490 6501
6506 6528
6537 6559
6561 6565
6572 6594
6596 6598
6607 6611
6614 6637
6647 6662
6671 6685
6689 6713
6722 6722
6723 6737
6739 6748
6753 6755
6762 6774
6775 6787
6797 6800
6810 6823
6828 6836
6844 6850
6858 6879
6880 6891
6893 6904
6906 6927
6936 6941
6942 6945
6948 6948
6951 6969
6977 6985
6993 6993
6999 7011
7020 7027
7036 7060
7063 7067
7075 7084
7085 7106
7114 7137
7145 7149
7156 7165
7166 7182
7189 7210
7215 7238
7242 7255
7259 7269
7277 7295
7302 7321
7324 7325
7329 7329
7335 7335
7341 7351
7359 7376
7380 7401
7404 7420
7426 7432
7435 7438
7446 7464
7466 7485
7494 7518
7521 7532
7538 7544
7549 7572
7581 7593
7603 7609
7619 7643
7653 7672
7674 7697
7702 7722
7727 7735
7744 7766
7776 7791
7792 7806
7807 7810
7816 7819
7827 7846
7848 7860
7862 7883
7889 7895
7901 7912
7917 7941
7945 7945
7947 7971
7975 7987
7989 8009
8015 8024
8029 8041
8043 8064
8073 8084
8094 8107
8109 8110
8113 8121
8123 8131
8133 8136
8141 8157
8163 8169
8172 8175
8182 8195
8200 8205
8208 8211
8214 8237
8245 8266
8272 8288
8291 8304
8307 8323
8332 8353
8361 8371
8381 8391
8398 8408
8418 8430
8437 8441
8445 8465
8470 8470
8475 8488
8491 8504
8511 8520
8527 8533
8534 8557
8567 8591
8600 8603
8609 8625
8635 8644
8652 8655
8661 8661
8670 8681
8689 8705
8706 8712
8720 8721
8723 8746
8753 8766
8768 8776
8786 8786
8788 8792
8796 8811
8817 8831
8835 8855
8856 8876
8883 8892
8896 8899
8904 8918
8928 8952
8955 8961
8967 8986
8994 9007
9012 9036
9040 9048
9058 9060
9069 9071
9075 9083
9088 9101
9109 9123
9124 9129
9134 9152
9154 9162
9165 9168
9173 9184
9187 9193
9199 9208
9217 9219
9227 9249
9258 9260
9261 9275
9280 9293
9295 9309
9314 9326
9336 9357
9365 9381
9385 9396
9406 9426
9428 9434
9438 9458
9464 9466
9471 9486
9493 9500
9505 9515
9520 9520
9528 9540
9545 9563
9571 9579
9582 9583
9591 9604
9610 9634
9639 9642
9651 9664
9670 9679
9687 9687
9695 9712
9720 9731
9736 9751
9755 9760
9761 9785
9793 9805
9812 9836
9839 9853
9858 9872
9880 9886
9896 9913
9920 9928
9930 9951
9961 9982
9990 10011
10019 10033
10034 10035
10043 10044
10047 10069
10078 10095
10098 10114
10117 10127
10130 10144
10151 10152
10154 10173
10181 10191
10198 10213
10220 10227
10229 10249
10256 10275
10277 10280
10286 10294
10296 10309
10319 10342
10350 10367
10374 10383
10389 10389
10392 10394
10399 10422
10426 10446
10449 10460
10469 10475
10482 10486
10487 10502
10512 10533
10543 10560
10562 10581
10587 10595
10605 10614
10621 10643
10645 10669
10678 10690
10695 10700
10707 10723
10725 10745
10754 10754
10758 10779
10786 10797
10798 10820
10822 10823
10827 10837
10841 10863
10871 10889
10890 10906
10909 10922
10928 10934
10938 10962
10968 10982
10989 11000
11001 11013
11017 11036
11040 11056
11064 11083
11092 11110
11117 11121
11131 11143
11146 11161
11171 11172
11176 11192
11200 11213
11223 11233
11240 11259
11269 11287
11294 11309
11316 11332
11336 11351
11359 11377
11384 11389
11397 11408
11414 11420
11429 11450
11451 11461
11463 11469
11471 11493
11496 11501
11509 11512
11518 11526
11527 11528
11537 11548
11553 11562
11567 11591
11598 11615
11623 11633
11643 11649
11651 11652
11657 11671
11674 11683
11685 11696
11704 11716
11720 11734
11740 11762
11768 11780
11786 11806
11808 11818
11822 11832
11842 11854
11859 11882
11884 11885
11889 11896
11906 11910
11919 11943
11950 11956
11957 11979
11989 11992
11995 11999
12009 12018
12025 12039
12043 12049
12051 12065
12074 12095
12105 12117
12122 12130
12136 12153
12160 12180
12181 12202
12210 12218
12221 12244
12246 12253
12256 12266
12267 12278
12283 12288
12294 12309
12316 12337
12341 12351
12357 12373
12380 12390
12392 12409
12410 12428
12429 12438
12448 12458
12466 12482
12483 12487
12489 12501
12503 12518
12523 12547
12550 12566
12573 12597
12601 12603
12604 12613
12618 12626
12629 12650
12654 12662
12668 12683
12688 12688
12693 12713
12721 12727
12731 12739
12742 12746
12749 12750
12752 12773
12774 12774
12782 12790
12798 12821
12824 12848
12851 12853
12861 12870
12871 12873
12882 12897
12906 12930
12934 12951
12961 12966
12973 12980
12989 13004
13013 13025
13032 13041
13051 13069
13075 13098
13105 13117
13119 13133
13135 13138
13147 13168
13169 13189
13193 13203
13209 13225
13230 13233
13240 13243
13245 13259
13265 13289
13294 13294
13297 13318
13323 13346
13356 13377
13381 13399
13403 13425
13435 13457
13460 13462
13463 13480
13488 13506
13509 13518
13524 13535
13541 13564
13566 13567
13575 13578
13586 13602
13606 13622
13625 13640
13647 13651
13653 13668
13673 13693
13701 13709
13714 13728
13731 13745
13748 13759
13769 13780
13786 13807
13813 13825
13835 13851
13852 13858
13866 13884
13885 13885
13887 13901
13902 13905
13906 13908
13909 13928
13938 13947
13955 13975
13984 14000
14002 14009
14012 14032
14042 14042
14050 14069
14072 14085
14088 14093
14099 14108
14114 14136
14139 14150
14152 14156
14163 14170
14179 14190
14197 14204
14212 14218
14223 14244
14252 14267
14268 14270
14279 14303
14306 14313
14319 14335
14341 14351
14353 14368
14370 14391
14401 14409
14413 14414
14415 14416
14422 14445
14446 14459
14468 14480
14482 14494
14500 14519
14520 14536
14538 14558
14566 14566
14574 14587
14589 14611
14617 14630
14636 14657
14667 14671
14674 14693
14699 14721
14728 14745
14746 14759
14766 14769
14775 14777
14781 14792
14801 14801
14809 14830
14836 14855
14862 14884
14894 14907
14912 14923
14927 14936
14940 14954
14961 14976
14986 15007
15017 15024
15031 15040
15048 15070
15071 15093
15095 15103
15109 15109
15118 15132
15134 15137
15139 15159
15167 15187
15196 15219
15229 15242
15246 15263
15271 15295
15305 15316
15319 15319
15325 15340
15350 15367
15370 15394
15402 15416
15421 15423
15430 15449
15457 15469
15477 15480
15490 15491
15492 15509
15510 15519
15520 15530
15534 15544
15551 15565
15574 15582
15587 15606
15608 15609
15618 15631
15637 15642
15652 15664
15665 15685
15692 15696
15702 15708
15716 15735
15738 15747
15752 15759
15761 15782
15790 15814
15821 15824
15826 15833
15838 15843
15845 15860
15862 15878
15879 15888
15898 15910
15912 15923
15931 15935
15936 15955
15961 15985
15987 16005
16014 16019
16022 16028
16032 16054
16061 16073
16081 16105
16115 16133
16138 16160
16161 16174
16178 16194
16204 16218
16222 16244
16250 16262
16264 16279
16289 16303
16310 16310
16320 16322
16330 16341
16350 16360
16366 16382
16387 16400
16406 16424
16433 16455
16461 16480
16483 16489
16490 16501
16509 16524
16530 16553
16563 16574
16575 16588
16596 16603
16604 16615
16622 16644
16645 16664
16665 16675
16677 16688
16689 16690
16691 16700
16701 16723
16732 16744
16745 16760
16766 16769
16777 16787
16789 16800
16810 16828
16836 16837
16840 16857
16861 16874
16882 16895
16899 16903
16912 16933
16939 16940
16945 16965
16966 16966
16972 16987
16997 16997
17000 17015
17019 17033
17039 17045
17053 17077
17080 17084
17088 17092
17097 17113
17119 17137
17147 17150
17153 17157
17164 17176
17179 17179
17185 17202
17210 17217
17222 17239
17247 17263
17266 17277
17285 17294
17304 17314
17321 17342
17344 17358
17365 17380
17388 17409
17410 17423
17425 17432
17440 17442
17445 17445
17455 17464
17469 17476
17478 17484
17489 17512
17520 17528
17530 17535
17545 17553
17554 17559
17564 17572
17579 17586
17588 17591
17597 17608
17610 17618
17625 17636
17644 17662
17666 17683
17693 17702
17709 17729
17730 17732
17733 17746
17747 17756
17762 17766
17774 17784
17792 17815
17816 17826
17835 17856
17866 17879
17883 17890
17895 17899
17903 17914
17924 17932
17933 17936
17945 17951
17952 17960
17969 17989
17996 18016
18023 18039
18040 18040
18049 18063
18073 18074
18079 18086
18089 18104
18107 18112
18121 18142
18149 18167
18176 18186
18189 18204
18210 18230
18238 18253
18254 18259
18268 18270
18277 18298
18299 18302
18305 18306
18316 18337
18340 18360
18361 18362
18364 18366
18369 18380
18382 18402
18409 18420
18429 18439
18441 18464
18467 18490
18492 18505
18512 18518
18521 18530
18538 18552
18557 18558
18564 18572
18575 18594
18595 18599
18606 18624
18634 18639
18644 18654
18657 18670
18672 18682
18686 18708
18715 18721
18725 18729
18739 18743
18744 18755
18759 18773
18779 18783
18785 18803
18808 18823
18828 18847
18850 18862
18871 18877
18880 18899
18901 18921
18929 18943
18951 18957
18964 18982
18992 19003
19008 19018
19019 19030
19034 19039
19046 19046
19051 19070
19074 19074
19081 19091
19097 19105
19108 19116
19126 19143
19153 19160
19165 19177
19184 19205
19206 19216
19224 19235
19242 19258
19260 19274
19275 19294
19301 19307
19312 19320
19328 19343
19347 19362
19363 19366
19371 19395
19399 19414
19416 19434
19443 19448
19451 19472
19482 19486
19490 19513
19519 19526
19536 19549
19551 19570
19573 19590
19598 19601
19602 19608
19617 19626
19629 19649
19654 19677
19685 19690
19694 19707
19711 19724
19731 19738
19741 19741
19743 19763
19767 19770
19778 19792
19799 19799
19806 19806
19815 19830
19839 19859
19864 19888
19895 19916
19918 19939
19946 19964
19968 19977
19985 19986
19992 19997
20003 20017
20020 20043
20050 20057
20064 20078
20082 20101
20108 20119
20124 20135
20143 20165
20173 20176
20180 20193
20195 20215
20222 20244
20248 20262
20271 20293
20301 20311
20319 20323
20328 20339
20342 20353
20362 20367
20375 20392
20397 20415
20419 20437
20438 20445
20449 20463
20469 20485
20490 20501
20503 20519
20523 20525
20528 20545
20555 20557
20565 20569
20576 20580
20581 20592
20598 20607
20609 20626
20630 20646
20654 20660
20667 20684
20694 20698
20707 20708
20717 20730
20734 20745
20752 20775
20784 20797
20800 20813
20814 20836
20846 20870
20877 20886
20887 20903
20904 20907
20913 20936
20938 20960
20963 20971
20974 20995
21005 21005
21015 21029
21033 21045
21047 21066
21068 21082
21083 21086
21096 21098
21104 21127
21129 21130
21131 21144
21149 21156
21164 21168
21175 21188
21193 21206
21215 21236
21238 21253
21262 21272
21282 21294
21300 21307
21311 21322
21325 21343
21345 21348
21355 21374
21377 21401
21404 21418
21422 21439
21446 21453
21462 21466
21469 21473
21478 21501
21504 21509
21513 21514
21523 21542
21548 21566
21574 21597
21599 21600
21605 21629
21634 21651
21655 21663
21665 21681
21684 21690
21696 21717
21726 21734
21740 21753
21754 21774
21781 21798
21806 21830
21834 21854
21858 21868
21869 21891
21893 21916
21920 21925
21934 21937
21945 21963
21970 21985
21995 22006
22014 22033
22036 22048
22049 22056
22057 22079
22087 22098
22103 22108
22114 22124
22127 22133
22134 22154
22160 22168
22177 22181
22190 22208
22218 22230
22233 22253
22262 22283
22290 22290
22299 22314
22317 22317
22326 22341
22344 22346
22348 22361
22364 22378
22387 22399
22402 22423
22426 22428
22433 22435
22444 22464
22466 22483
22486 22494
22498 22508
22515 22536
22544 22545
22548 22550
22559 22571
22579 22579
22589 22607
22617 22641
22649 22663
22665 22671
22672 22692
22702 22719
22727 22744
22747 22765
22771 22790
22794 22794
22802 22814
22818 22837
22846 22856
22863 22880
22888 22901
22911 22925
22930 22938
22942 22960
22961 22985
22991 23001
23011 23022
23030 23046
23052 23068
23076 23093
23100 23117
23120 23138
23143 23159
23167 23185
23189 23200
23203 23206
23216 23222
23225 23235
23238 23243
23253 23270
23272 23276
23281 23283
23286 23295
23296 23318
23324 23331
23332 23343
23344 23353
23360 23366
23369 23390
23400 23406
23409 23422
23424 23432
23438 23443
23453 23465
23468 23491
23493 23511
23516 23526
23532 23553
23563 23578
23584 23604
23610 23620
23629 23631
23632 23647
23651 23673
23675 23685
23686 23706
23715 23733
23742 23762
23771 23795
23798 23808
23818 23833
23839 23844
23846 23846
23848 23868
23877 23899
23907 23927
23932 23933
23938 23944
23948 23955
23965 23971
23976 23987
23989 24009
24015 24021
24022 24027
24031 24031
24038 24045
24046 24069
24078 24096
24101 24117
24122 24141
24142 24150
24152 24152
24162 24177
24181 24185
24190 24202
24203 24222
24229 24240
24247 24255
24261 24269
24278 24281
24285 24291
24292 24293
24294 24294
24304 24310
24313 24323
24324 24333
24343 24361
24363 24368
24377 24397
24403 24410
24418 24438
24442 24452
24462 24483
24492 24496
24497 24504
24507 24522
24526 24545
24547 24565
24571 24584
24586 24600
24601 24604
24608 24629
24636 24646
24649 24653
24654 24668
24676 24690
24695 24712
24720 24740
24745 24765
24767 24788
24791 24801
24803 24821
24822 24827
24831 24833
24842 24857
24864 24884
24893 24909
24912 24927
24936 24955
24957 24967
24971 24981
24982 25001
25005 25009
25017 25036
25041 25059
25065 25069
25074 25075
25083 25092
25094 25106
25110 25111
25121 25127
25130 25130
25133 25147
25153 25154
25155 25166
25170 25190
25200 25215
25222 25224
25229 25237
25241 25260
25263 25276
25285 25293
25300 25322
25327 25327
25329 25336
25340 25356
25365 25365
25367 25379
25381 25389
25395 25398
25405 25409
25418 25438
25443 25460
25470 25484
25485 25507
25508 25512
25515 25525
25530 25536
25546 25554
25558 25578
25586 25597
25599 25606
25611 25615
25616 25623
25626 34325
